2.126380365336822884e-02
8.098829605904028436e-03
5.662580446578299037e-03
4.144021243578437270e-03
3.336818114830013195e-03
3.004911239935832354e-03
2.433936739615600794e-03
2.135551150345974675e-03
1.803903874197282852e-03
1.783055600373562467e-03
1.690295866717306294e-03
1.464202553836575511e-03
1.234968860698042051e-03
1.144358063633720956e-03
1.134903841127597734e-03
1.059023728795089681e-03
1.049747494665161009e-03
9.244140754458196520e-04
8.301916545531942866e-04
7.752510713795123486e-04
7.276918877204925293e-04
7.114677410239842771e-04
6.580429255872154463e-04
6.009196937723431742e-04
5.836237168645299960e-04
5.533486840517949732e-04
5.408323164199840610e-04
4.904118712614815309e-04
4.654414464491840229e-04
4.478020092022370825e-04
4.340286178611040078e-04
4.140630616498238055e-04
3.815050688996660024e-04
3.700900486428538531e-04
3.668459644079942483e-04
3.448411170469217702e-04
3.296061326459673725e-04
3.125805837781076338e-04
2.949463545361627210e-04
2.889010614173565428e-04
2.819719414271074955e-04
2.726219584239813641e-04
2.541307636512715393e-04
2.432636922423781303e-04
2.347340754229907756e-04
2.305191724081152567e-04
2.160724108440280832e-04
2.061045748762004666e-04
2.029210375186680268e-04
1.979002852706705697e-04
1.912485009140016390e-04
1.840169581923253514e-04
1.756152087065712903e-04
1.651930363600020611e-04
1.608951321375156208e-04
1.599758974084568167e-04
1.529729085674223863e-04
1.465266466665098228e-04
1.455895077231262420e-04
1.384624155341186464e-04
1.374975483634392260e-04
1.275074949136288075e-04
1.253488933070443640e-04
1.168692097647586046e-04
1.149780549474279376e-04
1.141217886878169056e-04
1.124626503363266965e-04
1.086107578273913131e-04
1.070281719684465553e-04
1.025615490706080274e-04
1.020052025698752856e-04
9.587079322592444055e-05
9.112066491422464020e-05
8.893586322424530037e-05
8.561538961901685846e-05
8.343811175636579522e-05
8.211764195760679671e-05
7.970083251164924402e-05
7.527384277364936602e-05
7.358506023735576068e-05
7.053658078034272651e-05
6.912603064680147760e-05
6.704232609751804731e-05
6.588951354200208723e-05
6.324909554049252690e-05
6.163412088074474474e-05
6.073380001692263186e-05
5.813971265568563748e-05
5.727075109520572390e-05
5.617288335563220967e-05
5.537700497741417365e-05
5.214583904209096253e-05
5.195564030800800396e-05
5.108924754671205639e-05
4.932436023621393690e-05
4.847761419782662832e-05
4.712397509376022812e-05
4.603795132036294594e-05
4.579872741924337500e-05
4.378583038925180779e-05
4.290147555540102894e-05
4.218896580499673126e-05
4.052962987909024240e-05
3.955651206203681432e-05
3.889630197839132324e-05
3.774980658627614353e-05
3.619824243717295885e-05
3.567525775376828681e-05
3.467291238783930105e-05
3.385004731264139029e-05
3.266204255437380241e-05
3.241557371172740411e-05
3.205358300469927208e-05
3.079798594627426608e-05
2.983549172182294924e-05
2.948734179431646964e-05
2.852678759361131170e-05
2.772005827211045667e-05
2.720417420280914236e-05
2.640536561894068013e-05
2.580732080696482018e-05
2.517825689854844633e-05
2.450456033065919902e-05
2.392953897801338133e-05
2.342711015499560328e-05
2.290345056839118482e-05
2.200656911157110413e-05
2.181828526328104847e-05
2.157578793768002000e-05
2.119311285878375223e-05
2.073575108866679046e-05
2.015483812538215654e-05
1.955193837524984838e-05
1.921330973158394469e-05
1.899039496383027689e-05
1.819385597415608462e-05
1.769110330354739814e-05
1.765072982346999796e-05
1.718935281921590125e-05
1.682488898616185541e-05
1.664494612776371520e-05
1.608381422603756740e-05
1.565954558332182384e-05
1.527706139084173363e-05
1.457293987024377508e-05
1.427670937775836264e-05
1.409565470337007643e-05
1.402166750401963487e-05
1.381513491647467399e-05
1.355251505542577925e-05
1.333699147680058881e-05
1.307346143785038301e-05
1.285038406657307903e-05
1.240325204130011425e-05
1.204230333965574266e-05
1.180785205479072557e-05
1.154416073929150590e-05
1.147976373003706543e-05
1.112193532936479922e-05
1.092456817505710680e-05
1.087650044594096106e-05
1.045965861505110690e-05
1.032705343106255585e-05
9.956439480460359167e-06
9.630030773871836453e-06
9.566120079670046553e-06
9.404323643452210780e-06
9.271061424512154118e-06
9.158228805080853560e-06
8.827918602245422858e-06
8.664317511019831465e-06
8.573062674792058860e-06
8.384970062959257409e-06
8.063203912593057683e-06
7.925027929297053103e-06
7.650668796994572709e-06
7.507123568342953083e-06
7.386195068646730839e-06
7.281451813894832799e-06
7.044040935413117206e-06
6.894062422505404275e-06
6.784979395342326831e-06
6.712521177538340847e-06
6.528502344014612457e-06
6.379467809426606538e-06
6.296386072601295832e-06
6.164872974779706164e-06
6.005841482648389825e-06
5.974900487287775983e-06
5.709187801472436453e-06
5.624373781608369941e-06
5.478208275027894456e-06
5.440299598301561360e-06
5.384416557471334329e-06
5.302399037624747832e-06
5.184054500609526352e-06
5.170450554506865235e-06
5.025864763760258445e-06
4.907459981875771520e-06
4.792829023407748975e-06
4.646091315514070457e-06
4.556735149601421613e-06
4.473582550010734713e-06
4.372680959225493447e-06
4.308432639038547237e-06
4.219537477070413323e-06
4.186443475900087389e-06
4.148053678081294872e-06
4.107349529472176857e-06
3.980710961000230512e-06
3.912919351436731719e-06
3.763640069627310731e-06
3.690009826796876841e-06
3.659482082750487581e-06
3.613072791225978497e-06
3.584129302378586361e-06
3.382935180389498329e-06
3.358256783790756217e-06
3.326207321735761829e-06
3.256119678590818676e-06
3.226762429329758549e-06
3.190926526979404395e-06
3.072853326216925282e-06
2.988462324834753061e-06
2.958211095336045518e-06
2.893973597270933644e-06
2.834591765957144712e-06
2.738753778021033287e-06
2.658005807055446565e-06
2.577817436527012307e-06
2.544103143577299530e-06
2.534560183081810606e-06
2.454137631924624726e-06
2.416413254568608845e-06
2.338711953147395803e-06
2.309396158021599876e-06
2.282265511024848224e-06
2.255368636975373031e-06
2.189824062158573060e-06
2.120341109583583882e-06
2.064886491198713227e-06
2.055563950212796011e-06
2.043168015037014384e-06
2.003489701198805597e-06
1.965425576172734460e-06
1.946657606893265792e-06
1.908308652608129052e-06
1.886477834035667201e-06
1.835079777181127438e-06
1.809474363810596621e-06
1.751514245526336306e-06
1.713998036791582668e-06
1.711163360899087241e-06
1.683587470106758270e-06
1.664594686865337233e-06
1.578675023856565400e-06
1.561645398315504467e-06
1.539328742348076857e-06
1.524530050334414460e-06
1.510107439646953748e-06
1.495870928098875789e-06
1.463334604974017572e-06
1.452619848673186712e-06
1.444314672290722196e-06
1.403881825850196031e-06
1.395511232455519604e-06
1.359846495808380380e-06
1.331121567982456195e-06
1.304503535210268915e-06
1.279453512788155389e-06
1.272462091078416314e-06
1.233501104784559300e-06
1.219231620715653524e-06
1.212968549568584014e-06
1.156430953474808133e-06
1.147559921478806991e-06
1.118468892019607105e-06
1.107171365969963218e-06
1.100089512786587117e-06
1.097437396313168187e-06
1.059331262150955958e-06
1.041058494023271458e-06
1.002531695868542104e-06
9.867894286643129059e-07
9.655744966601547551e-07
9.518564841184221467e-07
9.277856731869742104e-07
8.978934791029721766e-07
8.808823045922471080e-07
8.740202244060714124e-07
8.681487232707148284e-07
8.503400395174906619e-07
8.416581776076527926e-07
8.335355841902028960e-07
8.299080849753651979e-07
7.941142323147041934e-07
7.756785355042118212e-07
7.593090233778647767e-07
7.401532623465762304e-07
7.297988370175834512e-07
7.179662365871751710e-07
6.999949085563389949e-07
6.788969031114819897e-07
6.576037517875562130e-07
6.509014406588031889e-07
6.425732167368244669e-07
6.338558454149329611e-07
6.258247496122659042e-07
6.233263740801050566e-07
6.179408796432849939e-07
6.014374456670961108e-07
5.819589346905691293e-07
5.723521088950479994e-07
5.628173845790103283e-07
5.549784348919173233e-07
5.492574750499649734e-07
5.260364414168889416e-07
5.165831162792134110e-07
5.020751179744263602e-07
5.010356163993937932e-07
4.930588830617088058e-07
4.801722622535536390e-07
4.739044575976745967e-07
4.715707855283328524e-07
4.587481876097669381e-07
4.514314299593104023e-07
4.460873482711380071e-07
4.345134119588339144e-07
4.319515564487795288e-07
4.205715985164574680e-07
4.129691520102446707e-07
4.128908997537719385e-07
4.063213780751466164e-07
3.977312863452598490e-07
3.876846161120336635e-07
3.786064932233558224e-07
3.773951433154969441e-07
3.719187697276129409e-07
3.667703937170264039e-07
3.641976667409917768e-07
3.625012617017706532e-07
3.577257376385507249e-07
3.554049726374335355e-07
3.544486057389691947e-07
3.432593071816046501e-07
3.376711230280841478e-07
3.332071032061884429e-07
3.286094092546396529e-07
3.264047438791281483e-07
3.200055209088406431e-07
3.136835993440940252e-07
3.039802321982364087e-07
3.011044777491135073e-07
2.955131001725131351e-07
2.901363265481530733e-07
2.854230243977151968e-07
2.831063735595356420e-07
2.759680423157354421e-07
2.692715511057041960e-07
2.607964103623678481e-07
2.573820964364865323e-07
2.557173865153964238e-07
2.502888386404767303e-07
2.431196036382555898e-07
2.414778449404753225e-07
2.363637113105076360e-07
2.329192439436837516e-07
2.279036527319143227e-07
2.256948318048349630e-07
2.227237061103098902e-07
2.197393979188386473e-07
2.145285261944822083e-07
2.113869765192390362e-07
2.091270574585948464e-07
2.065860940209523042e-07
2.036918821540913244e-07
1.990768448662317891e-07
1.979874160725870028e-07
1.934391959172317906e-07
1.907958226348669694e-07
1.834848937408971122e-07
1.814641229665141264e-07
1.784788443175532702e-07
1.744211430341778984e-07
1.734189178161736735e-07
1.698928562833137324e-07
1.677396222825474773e-07
1.604308339269438805e-07
1.583172552932437057e-07
1.518980872306518619e-07
1.505965020748557180e-07
1.496667217332740201e-07
1.448882998763366273e-07
1.428765321262317444e-07
1.400903507974852039e-07
1.397707720271423583e-07
1.365673121209891288e-07
1.336095108412661212e-07
1.305463356183356205e-07
1.287242034661203816e-07
1.278987648203057923e-07
1.246571847557563145e-07
1.241446098982828233e-07
1.224279503226257110e-07
1.214809459359756287e-07
1.188514776225365854e-07
1.174718233870984917e-07
1.157361897737561623e-07
1.143900673874955493e-07
1.123260307772821125e-07
1.113735472934731329e-07
1.104529656511104366e-07
1.099642629161126021e-07
1.084156807095049061e-07
1.067674967005662782e-07
1.045064666541499455e-07
1.031061049430771433e-07
1.020250124663695968e-07
9.802857923346387166e-08
9.748362748397163523e-08
9.446428386204847129e-08
9.402667206010471694e-08
9.291755721590266945e-08
9.131420624373427232e-08
9.085633717767641826e-08
8.831318314152025992e-08
8.666054038418469379e-08
8.352464996804924498e-08
8.226878722495773846e-08
8.077730529022541417e-08
7.953543711193222843e-08
7.711866402126285896e-08
7.657008907812696599e-08
7.589975567329666553e-08
7.481599908424840766e-08
7.421863573660543118e-08
7.385465285920351716e-08
7.295374893539696458e-08
7.192768862192713919e-08
6.973647381501981856e-08
6.934098399131686031e-08
6.773883650234053511e-08
6.728794641631801978e-08
6.646551400747651331e-08
6.566539476115948899e-08
6.468708212732085268e-08
6.348846054484997966e-08
6.209834496904663551e-08
6.142353919813989579e-08
5.912804828632624024e-08
5.719716967503659115e-08
5.610371827255589281e-08
5.470029822809610194e-08
5.350629552174894342e-08
5.244619506163161068e-08
5.183431584028351473e-08
5.177780934384125663e-08
5.042343446725044598e-08
4.984165502935171302e-08
4.965481306782263637e-08
4.921644427664390339e-08
4.838742574118839334e-08
4.829505421340524673e-08
4.788551322627897860e-08
4.696944076781703294e-08
4.620645266042879851e-08
4.555559349566127445e-08
4.456755947754255855e-08
4.439031887415373577e-08
4.391791051270711831e-08
4.306615827484279636e-08
4.220549854658733636e-08
4.178945331356222676e-08
4.009531988947867001e-08
3.965376259265638252e-08
3.928899928592185919e-08
3.925731876522683694e-08
3.839940903656138964e-08
3.782998753688557460e-08
3.732395081180822305e-08
3.686371751309418906e-08
3.664067815096496854e-08
3.600879085254091227e-08
3.568327567109897727e-08
3.507056005585505542e-08
3.457842595172516751e-08
3.421889000935413712e-08
3.318008025850575589e-08
3.279408152412408088e-08
3.230428295674141544e-08
3.180359143951361406e-08
3.134822833649138590e-08
3.050061692168632805e-08
3.004876884279805923e-08
2.987817661961163637e-08
2.984361752463848238e-08
2.908519069984781030e-08
2.883310996871892387e-08
2.861936972016959496e-08
2.855402428858411172e-08
2.722223330755179877e-08
2.653810283087507767e-08
2.622723183460032806e-08
2.600079009941884270e-08
2.577216494062953546e-08
2.520030465376789967e-08
2.491274679998599897e-08
2.440910093341833279e-08
2.429386041498610811e-08
2.381958180790036555e-08
2.340702163468957528e-08
2.294670988783602995e-08
2.221732247676990793e-08
2.139376603114929357e-08
2.137408478400093125e-08
2.116517420482302268e-08
2.090940969576292487e-08
2.055624327336070995e-08
2.051456140682215015e-08
1.992159319268604653e-08
1.957253361570737519e-08
1.930707610289671855e-08
1.905280237969717462e-08
1.867754994629379893e-08
1.854129506257855770e-08
1.784660725337457493e-08
1.754848591043980721e-08
1.719520349653648870e-08
1.711999833456645991e-08
1.689297315201016304e-08
1.666124498811115287e-08
1.611119715824063824e-08
1.586488605486711851e-08
1.551133151257873095e-08
1.545886163455285475e-08
1.532414420718636823e-08
1.521228421747675016e-08
1.512362838168061722e-08
1.503030592143659683e-08
1.469415661338691506e-08
1.442748534438219372e-08
1.424717882302915415e-08
1.415672769431154331e-08
1.374654942258213088e-08
1.357808926048961835e-08
1.305938195734913893e-08
1.285136954809638931e-08
1.241889700628370282e-08
1.237129992563420149e-08
1.213275777798131144e-08
1.209802589492104174e-08
1.167188896109315250e-08
1.145041719109533513e-08
1.136569170900557819e-08
1.124271047480142215e-08
1.107195783292476583e-08
1.090105198523074261e-08
1.074832250895494309e-08
1.046822411975091587e-08
1.024426471255361454e-08
1.017851384185388172e-08
1.008464510922699460e-08
9.963503223624762568e-09
9.900757821502501463e-09
9.644003258076692824e-09
9.519829828197810084e-09
9.438953088478165800e-09
9.304665727975083459e-09
9.202344287775268968e-09
9.033398349046316322e-09
8.817732921658530722e-09
8.733723776159182653e-09
8.425066710653531175e-09
8.381889848634110411e-09
8.224482096771025581e-09
8.111650240140280359e-09
8.065769572467492072e-09
7.870749386937689185e-09
7.692005823825998383e-09
7.635206646780813968e-09
7.532679333111491366e-09
7.416240062268232102e-09
7.276449298401668079e-09
7.217564220180316506e-09
7.089614001100671668e-09
7.053880980289101555e-09
6.822365715827507685e-09
6.716829471909575988e-09
6.608834441677405801e-09
6.474349601554692123e-09
6.271754360114803532e-09
6.231452714361402319e-09
6.087499973213592120e-09
5.902561107608345105e-09
5.818633174938230262e-09
5.747836473920390323e-09
5.699346120274778082e-09
5.538442614335389248e-09
5.475255507335923832e-09
5.384209064035987825e-09
5.196466186665066400e-09
5.132576597640859618e-09
4.999895260914321247e-09
4.984687848753915497e-09
4.923054565375326834e-09
4.881430772928425009e-09
4.797384125755351044e-09
4.750769677015072795e-09
4.711136081253819527e-09
4.620853653152788304e-09
4.589073008798097184e-09
4.514601391778203285e-09
4.458159750329034831e-09
4.427780462091920091e-09
4.385082341134220130e-09
4.358942989948187605e-09
4.309815437487665812e-09
4.148986509709064164e-09
3.965911194238110052e-09
3.867630109445590142e-09
3.804849780057895612e-09
3.671528105653565920e-09
3.609914565558135532e-09
3.536440216857602880e-09
3.508908079763752835e-09
3.428529152000307272e-09
3.393507944766694583e-09
3.382802884537169981e-09
3.317703337769430777e-09
3.265821588116726931e-09
3.179107486934469872e-09
3.106292602567834595e-09
3.073682387112046724e-09
3.043721839484830506e-09
3.000771190801935366e-09
2.862125542424675554e-09
2.800305773937079652e-09
2.734212760135106824e-09
2.665419867242349124e-09
2.656586314118377718e-09
2.598917389233728120e-09
2.533555641868420371e-09
2.402068084644750958e-09
2.270070808174126483e-09
2.220937282636684386e-09
2.212938396159442517e-09
2.176329002203009200e-09
2.169433094312317047e-09
2.066528919578588333e-09
2.008027681903257956e-09
1.948833337546096097e-09
1.922182761626327211e-09
1.877024335361418550e-09
1.824510680945323996e-09
1.674426079390098733e-09
1.671716377279590629e-09
1.647010387720148952e-09
1.640761566749814632e-09
1.557189607564336490e-09
1.515455497893490550e-09
1.496864534884202342e-09
1.469935151278736955e-09
1.437351999831717364e-09
1.413761780861854116e-09
1.384143495518515165e-09
1.366913903730529959e-09
1.336170081105586956e-09
1.316417601307682334e-09
1.275054960054028983e-09
1.162411312252652240e-09
1.150882840540960710e-09
1.095383593915623896e-09
1.084661950141488475e-09
1.048894600004633971e-09
1.038245581050895916e-09
1.016138789176861359e-09
9.521774653336607664e-10
9.231506892371133805e-10
9.189781475440593966e-10
9.036503461731984967e-10
8.855942149092541497e-10
8.713410091559711280e-10
8.269740745931223114e-10
8.242283699569072337e-10
8.190228125900700402e-10
7.934713935623534377e-10
7.709198563805862971e-10
7.519439550232729644e-10
7.470383819359934324e-10
7.288373155806683514e-10
6.617541024262506856e-10
6.600297785701616461e-10
6.276326457565964930e-10
6.179607716601216298e-10
5.828765908143763385e-10
5.783282483619225159e-10
5.717331946964712592e-10
5.622648105189111844e-10
5.563611261023562813e-10
5.473904217454492357e-10
5.367276545968351302e-10
5.305592210721872868e-10
4.969248326413679028e-10
4.467611181151854717e-10
4.366213876270484958e-10
4.270375191373880067e-10
3.865859787775788284e-10
3.322358588485569318e-10
3.187454661629488076e-10
3.149252056781312057e-10
2.943973194667795667e-10
2.883777712520720500e-10
2.757001132293334426e-10
2.638794765851151555e-10
2.376889293996046249e-10
2.256555466846156723e-10
2.124994230119284091e-10
2.012128567733931059e-10
1.986799115775980554e-10
1.770803298397901021e-10
1.403549735414202715e-10
1.361905481514336899e-10
1.231344238016398275e-10
1.213153970805498138e-10
1.033956981259696014e-10
8.271046539864618487e-11
5.940967330321908354e-11
