2.124190106097523234e-02
8.077981127629398073e-03
5.693046325630309393e-03
4.136466160399230457e-03
3.321640193889328907e-03
3.017488090297039838e-03
2.423740665137705513e-03
2.148936037100511627e-03
1.812545676560821731e-03
1.772756103781422806e-03
1.684107170027911680e-03
1.484528478978639236e-03
1.248356791277887559e-03
1.143740903486705450e-03
1.132217275958481793e-03
1.062732404292855747e-03
1.040254800825732122e-03
9.264454778208740379e-04
8.307929778257239391e-04
7.714843165274579053e-04
7.466486014369297028e-04
7.106546382120437766e-04
6.596133103137972022e-04
5.960555330105370316e-04
5.806971834569381449e-04
5.591358947580751327e-04
5.493305263810545217e-04
4.897017474551094637e-04
4.696145730494471755e-04
4.501610094904996153e-04
4.321147942379546911e-04
4.123506757611395583e-04
3.810823290071005702e-04
3.792451700852884152e-04
3.614249861566118838e-04
3.385910676368258389e-04
3.353914493113412673e-04
3.183100116471711629e-04
3.020410718743362526e-04
2.903216130235759806e-04
2.850487680668209044e-04
2.713359909909708600e-04
2.557004766839362825e-04
2.479819514676911301e-04
2.317592229642830243e-04
2.285921346490163387e-04
2.150701256437266096e-04
2.115651852095847408e-04
2.047683579249985066e-04
1.971931451726322373e-04
1.937768450054046200e-04
1.843908980572855070e-04
1.753461091605161819e-04
1.673341204125796408e-04
1.622824064884281249e-04
1.600499312986719135e-04
1.558734497042985696e-04
1.515403027193624650e-04
1.425213408030994995e-04
1.396519311603131031e-04
1.369933703440489605e-04
1.308568874384695479e-04
1.274590825853416556e-04
1.174889643056185211e-04
1.166909213719608191e-04
1.141322940825488378e-04
1.121287037303470480e-04
1.074456105826428486e-04
1.049535803011163735e-04
1.028308230950369148e-04
1.005656638150639220e-04
9.587310555267584771e-05
9.240640974822097173e-05
8.770185554502323293e-05
8.350410610794330591e-05
8.265073369398477469e-05
8.182387914449008219e-05
7.891947626009935906e-05
7.662656594495858902e-05
7.379454501504502232e-05
7.261084109644924114e-05
7.123278392074965570e-05
6.957065258018943032e-05
6.909114271759610258e-05
6.499610812739653476e-05
6.403479531580945664e-05
6.311595964215744063e-05
5.956408214487116061e-05
5.843358888022172039e-05
5.547241067107695848e-05
5.539900373374771585e-05
5.170819854087102692e-05
5.087574243675871535e-05
5.025250564948250304e-05
4.910193658420566095e-05
4.812639996321274301e-05
4.781104378696708753e-05
4.679190159721780245e-05
4.561181095507766797e-05
4.395516013601939617e-05
4.333365722309370321e-05
4.089779240233408860e-05
3.979993619659600489e-05
3.944621360697555390e-05
3.899910261322055036e-05
3.783634232698362905e-05
3.636546354356087789e-05
3.561424272670773972e-05
3.500104607395135493e-05
3.393079280752645162e-05
3.325658787541255624e-05
3.227391740106469572e-05
3.204337175754143579e-05
3.046336186936131552e-05
2.971456815262226656e-05
2.892631639489116622e-05
2.862936490238062677e-05
2.829652928824116000e-05
2.731552311916434487e-05
2.682781476215411595e-05
2.583748321013763378e-05
2.504871620855081781e-05
2.457818382644440345e-05
2.394327443328050413e-05
2.296135142075102223e-05
2.280560696486566945e-05
2.226943809677542637e-05
2.199299040358989511e-05
2.177481569119288945e-05
2.133886235360444024e-05
2.079699114573301433e-05
2.056890234225067679e-05
2.038654540201337859e-05
2.015902290894958334e-05
1.912123761606043248e-05
1.828706729505548347e-05
1.785216636435340957e-05
1.762717198446008923e-05
1.707592244737084295e-05
1.665250125379288002e-05
1.620315429747996513e-05
1.594259238318344494e-05
1.541290813182521276e-05
1.519535758174190556e-05
1.488972753382047482e-05
1.458506626779597893e-05
1.442821382172063386e-05
1.421202453514496313e-05
1.379627623497721887e-05
1.356414446569684565e-05
1.338553083164266648e-05
1.313196400579837132e-05
1.287075611159941664e-05
1.254412792213439804e-05
1.210249397146396992e-05
1.194987449701761983e-05
1.152148203058591468e-05
1.133493239801639908e-05
1.116012700463866645e-05
1.105933329373247058e-05
1.092961836809463398e-05
1.078111427287278454e-05
1.019752087086616222e-05
1.012824158260200340e-05
9.998674272806210548e-06
9.889283896357571935e-06
9.552842125520395511e-06
9.443438324003992679e-06
9.180469622165267717e-06
8.785484610657841222e-06
8.622198966253816880e-06
8.432118144147048182e-06
8.253509781994838138e-06
8.133179122745695387e-06
7.971915130780730068e-06
7.645812975417817507e-06
7.511478517211216870e-06
7.393861879646278458e-06
7.251884693752007955e-06
7.068191072702773233e-06
6.893357137718052472e-06
6.686017156468903038e-06
6.623349441415256907e-06
6.441691309623801871e-06
6.326591972940254655e-06
6.181352996102269886e-06
6.057085276047003923e-06
5.956784491183484323e-06
5.770257573161163886e-06
5.711222010521057039e-06
5.542965990395239756e-06
5.519267626989233599e-06
5.476682283051589190e-06
5.360552996188475138e-06
5.271308357780572591e-06
5.173347411766371076e-06
5.119056195884951498e-06
5.028494735159331419e-06
4.984771551678137902e-06
4.843438086531376336e-06
4.733389649272186738e-06
4.633485606127974254e-06
4.556637844111208840e-06
4.508583645664200234e-06
4.418170923551409961e-06
4.303731178898379446e-06
4.205355550971906266e-06
4.159760660679493628e-06
4.106860478026085660e-06
3.968675064258486478e-06
3.921886277027079401e-06
3.840564906976368614e-06
3.797274742505146003e-06
3.729874913700312879e-06
3.665225992985555363e-06
3.602263039200162439e-06
3.508757860619205860e-06
3.383485905348578085e-06
3.262300690744596857e-06
3.252395309701465475e-06
3.149783634837804555e-06
3.056305999408697335e-06
3.006251681740791166e-06
2.938884645204626250e-06
2.920969029513124785e-06
2.867623992871317885e-06
2.732893540561123738e-06
2.713798530646641181e-06
2.643073785085863129e-06
2.614808868004107180e-06
2.553105156788746732e-06
2.543076541874410936e-06
2.480540416959997367e-06
2.421376176421395708e-06
2.322307205752867838e-06
2.305120977630067080e-06
2.275089095437408633e-06
2.182413954354648952e-06
2.156985694666223856e-06
2.130233780731320714e-06
2.099170608816596782e-06
2.093260843218015989e-06
2.041081839139588605e-06
1.990563498111127323e-06
1.970870277798127929e-06
1.942186074320556550e-06
1.926804293145881656e-06
1.850516643334443152e-06
1.841255134208026781e-06
1.790159733709997808e-06
1.763309539588643112e-06
1.727013221920603412e-06
1.679314277448963644e-06
1.673788924482450507e-06
1.654748135037011557e-06
1.637166067334176112e-06
1.620332693294235614e-06
1.570911483643610688e-06
1.554718643003329146e-06
1.519736066952869289e-06
1.487977302331618925e-06
1.455560709741904482e-06
1.452305231772919124e-06
1.432165199443870352e-06
1.384688418022500555e-06
1.373313000506877205e-06
1.353285734793991056e-06
1.326231366121255483e-06
1.302342059136819755e-06
1.301377839410830375e-06
1.255952770082854549e-06
1.245896375828588896e-06
1.239801606121770807e-06
1.186990006478750842e-06
1.183805898106847072e-06
1.170157931806637525e-06
1.132888526900096255e-06
1.111497241520042354e-06
1.089134041408108528e-06
1.055064085050333577e-06
1.048136694850687986e-06
1.034666579783866965e-06
1.014314487126669442e-06
9.996060528610793618e-07
9.491615969587979682e-07
9.435477364546170830e-07
9.252739768460960194e-07
9.202759371437178382e-07
9.053989488785640033e-07
8.923422347018682415e-07
8.647702016357519821e-07
8.547757363940193179e-07
8.423048056268238940e-07
8.081853398150652018e-07
7.880321406222322329e-07
7.816283682350825077e-07
7.618508664657703160e-07
7.504662825636810856e-07
7.467114891871341906e-07
7.413788674202451313e-07
7.211448179145594869e-07
7.072740900282085461e-07
6.782024034485792850e-07
6.747292808793965835e-07
6.574881194633687907e-07
6.535441250077607763e-07
6.494279276480766177e-07
6.310831054962901538e-07
6.208953074241898424e-07
6.038753438191074086e-07
5.876133360769463624e-07
5.774540741391124901e-07
5.652275804670476102e-07
5.603655927300640290e-07
5.423464509532465602e-07
5.363447210737226473e-07
5.283657573265935374e-07
5.255121024934692723e-07
5.201821615349473576e-07
5.164139487561009208e-07
4.983664601728831882e-07
4.923813551994519707e-07
4.884048195508780054e-07
4.813529533844103097e-07
4.695978439725531519e-07
4.576554156519251820e-07
4.498838590589407595e-07
4.397971969101650660e-07
4.311927648162194829e-07
4.243285432517499948e-07
4.169596641589611858e-07
4.158555089781721534e-07
4.100031395853173392e-07
4.067590218918756322e-07
4.001229815514032280e-07
3.954243623418612507e-07
3.900786712700117692e-07
3.840708286745993896e-07
3.827865395379857175e-07
3.797893766884856389e-07
3.673716213670808296e-07
3.618050865452196999e-07
3.540325930341804103e-07
3.415937183443229339e-07
3.399695179737567403e-07
3.310138826373087516e-07
3.286877037103087464e-07
3.281569788274320138e-07
3.208454680441290821e-07
3.088521121104848082e-07
3.066286024458908468e-07
3.027010248041857719e-07
2.927718794219358908e-07
2.922604408757358820e-07
2.893306856645454236e-07
2.861475718716910637e-07
2.845152976398050619e-07
2.769068590019092625e-07
2.723494958961195601e-07
2.652772821547820801e-07
2.641165079834482852e-07
2.524227069674394769e-07
2.491720020336036599e-07
2.461469813446821885e-07
2.432914392473401674e-07
2.358867062190900403e-07
2.294238696080206625e-07
2.256805285992702013e-07
2.214743190214725839e-07
2.198758743696955990e-07
2.154089549065817841e-07
2.144198703483483233e-07
2.109303197326691686e-07
1.998605873309435574e-07
1.976816553487299780e-07
1.943753565059093134e-07
1.923197549069727030e-07
1.916150475804126220e-07
1.903168240263516644e-07
1.847433033433081604e-07
1.838959437090044016e-07
1.778322496786404982e-07
1.742575972262754203e-07
1.721941800122637179e-07
1.706368836338618797e-07
1.650031756809386386e-07
1.628372481544948033e-07
1.585273883726260247e-07
1.553243341482946794e-07
1.526627216247692675e-07
1.481933086999984976e-07
1.459674683315341248e-07
1.430897165847848449e-07
1.424771073802283820e-07
1.391127299003035964e-07
1.380239916671894687e-07
1.371029757489922144e-07
1.356586965116313454e-07
1.332119974066744454e-07
1.286448968543076018e-07
1.273502407500021030e-07
1.244642437796426123e-07
1.230048390141009614e-07
1.214202801687109583e-07
1.183371169417221715e-07
1.176812886446267277e-07
1.165894108099309497e-07
1.163563632246580785e-07
1.144895001714011015e-07
1.140800607907497841e-07
1.134368271492342282e-07
1.098928466920367579e-07
1.081962980387154744e-07
1.052776289174375701e-07
1.035121203500535502e-07
1.021989989572802346e-07
1.005301500379375890e-07
9.916975689618152672e-08
9.674498817683983947e-08
9.467183942416524853e-08
9.356269096928232986e-08
9.244524842817515940e-08
9.166116715110629669e-08
9.093152719070271961e-08
9.004512185097556682e-08
8.789988232742067350e-08
8.663332892796019980e-08
8.506639431022286759e-08
8.471319218097074044e-08
8.231799191034142399e-08
8.146607009243715439e-08
8.073389049445471353e-08
8.030216434741286554e-08
7.963414217519302474e-08
7.650833185289685929e-08
7.617639057541350759e-08
7.587498577659684520e-08
7.526958905636279292e-08
7.293821685957797214e-08
7.189381746212039029e-08
6.992165968210212244e-08
6.882519855354954332e-08
6.813514572089365197e-08
6.580850913687312219e-08
6.453470600471922497e-08
6.414789505778891815e-08
6.315158658119626483e-08
6.260396985718315747e-08
5.908445088567611171e-08
5.879024699686604593e-08
5.753985199548487454e-08
5.716835098360413098e-08
5.603687137145337782e-08
5.553994501495371027e-08
5.532540763178024438e-08
5.415951865855966779e-08
5.310601991815023251e-08
5.260517092393982133e-08
5.201987069562786284e-08
5.131272879954912423e-08
4.942575017836060953e-08
4.843111898820706493e-08
4.723022356786045833e-08
4.657039974819748112e-08
4.628532381030357465e-08
4.508652341626802440e-08
4.473038174981529978e-08
4.443197887004958201e-08
4.382483790742044202e-08
4.330910730645138378e-08
4.252829961010633218e-08
4.135947500597430454e-08
4.091196168473944947e-08
4.031486715412403850e-08
3.979409525579991941e-08
3.841728702862713413e-08
3.789048876821425563e-08
3.774189275631340917e-08
3.732350419494142131e-08
3.705407184815567778e-08
3.674252729660027120e-08
3.631903072237636453e-08
3.603180342676979620e-08
3.568089273734659343e-08
3.557762005369056705e-08
3.475379261204487281e-08
3.402476931172997317e-08
3.357845858202704803e-08
3.261361427223107490e-08
3.223812677613986400e-08
3.216980032065231471e-08
3.147549416713912287e-08
3.103200885095471520e-08
3.072807924387050420e-08
3.056632221886373212e-08
2.941619443683538757e-08
2.875498975269457156e-08
2.848702385384908058e-08
2.774811334694530169e-08
2.727608980168812114e-08
2.666201281315017151e-08
2.652377389351004567e-08
2.588034578455954081e-08
2.499488695294979159e-08
2.484676010069644839e-08
2.456071835611764194e-08
2.443397378784952798e-08
2.404558330770633907e-08
2.395556826681822141e-08
2.351343647833145000e-08
2.329620318119567754e-08
2.285304524731532073e-08
2.221355530444682217e-08
2.198374994791851485e-08
2.144505441279705840e-08
2.133762421602029962e-08
2.109254630135275296e-08
2.059916243966589797e-08
2.026025442566877674e-08
1.996189929691519833e-08
1.968038207965216020e-08
1.907028587356053972e-08
1.893937583649706059e-08
1.878501219624346815e-08
1.844293430149649117e-08
1.822185091092435574e-08
1.774640654639589990e-08
1.737571908744155303e-08
1.689084970514396383e-08
1.674860116949688630e-08
1.660288267398533567e-08
1.643464289927757180e-08
1.615594405326015908e-08
1.575054411594100305e-08
1.527268506504451634e-08
1.505044993276474177e-08
1.468469472557423823e-08
1.444640976606125664e-08
1.431264899911777826e-08
1.405888211765766158e-08
1.391629071415848363e-08
1.374228152861044392e-08
1.351944457434065848e-08
1.322710897161299103e-08
1.303628198520889623e-08
1.279844380262693608e-08
1.258714492846707537e-08
1.252112169471319340e-08
1.238521528007119794e-08
1.180910069331067549e-08
1.171065158276926988e-08
1.145530724329969824e-08
1.131737463068744615e-08
1.125267713722938226e-08
1.109844079130657437e-08
1.102018645123866769e-08
1.074097476282048497e-08
1.064661191302292776e-08
1.034925537108840895e-08
1.020702595597189579e-08
1.008280970523157053e-08
9.825184428016696204e-09
9.722395743408256159e-09
9.480749257432756433e-09
9.363935320809919903e-09
9.293124013054634626e-09
9.201061000027578591e-09
8.950905318827308833e-09
8.874211779569597014e-09
8.613759725142407575e-09
8.555240635631355896e-09
8.402993275629127066e-09
8.252667878858902551e-09
8.132793085207768317e-09
7.961127676341307974e-09
7.770697910316828428e-09
7.724653029075858362e-09
7.568367430314556440e-09
7.507392398518967859e-09
7.349197064009909341e-09
7.218841433356457620e-09
6.949686275646836905e-09
6.891726501277499665e-09
6.829779491907729094e-09
6.733359275563806902e-09
6.701816610318590596e-09
6.567054010079114717e-09
6.512263391019882690e-09
6.389070631521103935e-09
6.306270268926208870e-09
6.257722618632695536e-09
6.144306641200744245e-09
6.008287279354524521e-09
5.833285451142863363e-09
5.747600608541115939e-09
5.665341358224295577e-09
5.484334379508336141e-09
5.429765722373051225e-09
5.364668094980058058e-09
5.190298017218988201e-09
5.041118433977008590e-09
4.991434834956879622e-09
4.860396135403309419e-09
4.856939792753785254e-09
4.816338096336432112e-09
4.754526001871230287e-09
4.700877191439423407e-09
4.665700935944491632e-09
4.588363055362482255e-09
4.521219813592391641e-09
4.488019852312374232e-09
4.447833532708959992e-09
4.362742500225747249e-09
4.267374246877272036e-09
4.146044083099810400e-09
4.052880443111679823e-09
4.006326771912111576e-09
3.993762920213244939e-09
3.942530343463824085e-09
3.870766596688833661e-09
3.792228782304803727e-09
3.780438569792098354e-09
3.738378318077749334e-09
3.679295588434388950e-09
3.638042326948683976e-09
3.557929931415314543e-09
3.519616643934685398e-09
3.398460407504992731e-09
3.344587610361892169e-09
3.205818309237327603e-09
3.123818247879300747e-09
3.094586210840981742e-09
2.939448567229080871e-09
2.924230090210367468e-09
2.841593527772999954e-09
2.795176368185379169e-09
2.760191113904091839e-09
2.724084058783312711e-09
2.595317051846494580e-09
2.515172857198487778e-09
2.507296373765701251e-09
2.373960604746024580e-09
2.310605108583816414e-09
2.288199552547854715e-09
2.249216004925702330e-09
2.156116976942888091e-09
2.143603134957828603e-09
2.085946818847472831e-09
2.060637341695679900e-09
1.954286758975003612e-09
1.933414386556905533e-09
1.840557503252730109e-09
1.768346914675640570e-09
1.731728637647981118e-09
1.719082014459756352e-09
1.688955461425901558e-09
1.642469790882302182e-09
1.633858544914635594e-09
1.574077459692477062e-09
1.521082729057725731e-09
1.485679360746097086e-09
1.451028996012910446e-09
1.394961874103303219e-09
1.386716424164860093e-09
1.312358894788508471e-09
1.291018366307599678e-09
1.245222626600845717e-09
1.183769284471356684e-09
1.166166207000085980e-09
1.157094875056537056e-09
1.136069589668222427e-09
1.105175306920207743e-09
1.075482168113725705e-09
1.056845768657499205e-09
1.006394375722238715e-09
9.751158403068162992e-10
9.687209005137598293e-10
9.502985894186405512e-10
8.819328203412572112e-10
8.762648506837251881e-10
8.083134103084465150e-10
7.849565170347613560e-10
7.650028264416186599e-10
7.524959667928087736e-10
7.507619263720155246e-10
7.340896104556368430e-10
6.912640561992964133e-10
6.705087043679400385e-10
6.501453685231560008e-10
6.317328034087553791e-10
6.250563591271617352e-10
6.177504889936643431e-10
6.152268125494184287e-10
6.104916927624905368e-10
6.030367690613554580e-10
5.842343949191063815e-10
5.623061690319110253e-10
5.584329105859704457e-10
5.227718365572909090e-10
5.037423570967866398e-10
4.820842458383649658e-10
4.682224956863194175e-10
4.410388204942281895e-10
4.259357681233230307e-10
3.691264582396309212e-10
3.467865736507298091e-10
3.455297252852386658e-10
3.412462458842629587e-10
3.319278961256944221e-10
3.235116863259076686e-10
2.946463009536849318e-10
2.905401784411531002e-10
2.757436659020529288e-10
2.300717198848298575e-10
2.272644667970895705e-10
2.181891593275903129e-10
2.058542660680269062e-10
1.901349806352657142e-10
1.682341192175748706e-10
1.619009867527595526e-10
1.443458579211611035e-10
1.358487965830056888e-10
1.044878527276368124e-10
1.005818255602001503e-10
9.738200588872904562e-11
8.013125816086282311e-11
6.273876277223594562e-11
