2.151971407002049863e-02
8.442511671754528504e-03
5.796316809478887708e-03
4.390404629582048482e-03
3.502500618836703640e-03
3.099263051414108319e-03
2.557131688739662338e-03
2.240684208244975682e-03
1.924952827375374983e-03
1.874531703181837438e-03
1.797160285314421298e-03
1.574775139937565705e-03
1.346065798262327572e-03
1.300822261079983026e-03
1.239260548747325632e-03
1.144575518145439855e-03
1.117707067355921090e-03
9.893013035556310914e-04
9.233138707507285072e-04
8.561834967338524541e-04
8.073776069606377476e-04
7.792051737336391738e-04
7.107257843011058817e-04
6.592428077537830109e-04
6.230629441016585779e-04
6.079344954706068956e-04
5.678170945060121485e-04
5.554966077272166904e-04
5.039442842616889337e-04
4.816868271917571442e-04
4.763172022611358186e-04
4.452641037084814298e-04
4.172532806126299457e-04
4.112318598779526619e-04
4.007609195385277920e-04
3.776814014722596163e-04
3.711450405337582328e-04
3.418598604367469387e-04
3.231385481414693838e-04
3.118881317992931246e-04
2.843892283881577416e-04
2.773509842376705239e-04
2.746905063192398586e-04
2.673701476253366612e-04
2.578131812542206369e-04
2.533490325048747579e-04
2.518191396428328017e-04
2.336971084447058474e-04
2.183648248244650749e-04
2.103091511655682307e-04
2.024212894639975226e-04
1.965027363072619979e-04
1.909030944228746010e-04
1.865878743186775101e-04
1.721950198378587732e-04
1.669527613901096213e-04
1.649013120465550575e-04
1.559444023347736612e-04
1.528732846384087476e-04
1.458154081950563548e-04
1.439089805032886331e-04
1.384320862550668559e-04
1.377654753360185724e-04
1.314826240660602345e-04
1.247047123515532643e-04
1.212231986309928263e-04
1.177067196660004455e-04
1.159984484106248848e-04
1.129092004221592555e-04
1.115775611130110414e-04
1.088849164002149449e-04
1.034169308603917253e-04
9.969524613506220172e-05
9.800273543409544600e-05
9.545111377585573922e-05
9.301272251820686776e-05
8.938409220209148521e-05
8.741446543856312517e-05
8.670444336707557205e-05
8.387802352203270917e-05
7.962388944658769108e-05
7.689603188594553427e-05
7.644218772974617460e-05
7.184113454816445845e-05
6.776081696521320046e-05
6.627418553169868356e-05
6.581717304307717863e-05
6.388275885858036727e-05
6.316286033081914815e-05
6.226077768465421288e-05
5.922194868892205808e-05
5.794523157326583420e-05
5.769402906078035300e-05
5.518012787016609905e-05
5.274724993276830364e-05
5.205235520574673570e-05
5.115905360042556009e-05
4.945431455804768437e-05
4.854127241833529403e-05
4.759151558070399041e-05
4.586058086293439632e-05
4.506765811738490287e-05
4.431820911422214553e-05
4.369741381984948648e-05
4.253144857959451384e-05
4.183773606383035587e-05
4.058297282565431438e-05
3.997959607724911504e-05
3.944671146625673941e-05
3.801974266690089403e-05
3.675916529268613250e-05
3.640227240330194306e-05
3.515008669433310266e-05
3.492708051378775469e-05
3.381133804561959190e-05
3.263765229475041956e-05
3.238149042889530992e-05
3.221959921870562433e-05
3.162689212379469041e-05
3.125147451975229752e-05
2.984463809335663698e-05
2.943635299835965939e-05
2.884131289100432555e-05
2.731905930532660740e-05
2.683520923107689818e-05
2.640720517440432833e-05
2.586172651451855729e-05
2.533348000682798603e-05
2.469335126382302348e-05
2.422942231792677179e-05
2.311250787898751102e-05
2.287257423129862019e-05
2.229392628469763091e-05
2.182494646901820352e-05
2.164579112785561596e-05
2.104050859634204189e-05
2.046901829572958252e-05
2.017402404730834453e-05
1.957614674562938796e-05
1.915280019401689523e-05
1.873258983351358390e-05
1.865857723094644513e-05
1.834005970684393123e-05
1.814481702933899460e-05
1.746645071225624558e-05
1.744026937828542406e-05
1.722275561576950753e-05
1.669847339222232870e-05
1.633483127987615176e-05
1.598189450805225623e-05
1.543757562539706385e-05
1.483897835348733815e-05
1.460522071932443292e-05
1.456440628186526202e-05
1.434191862918089277e-05
1.409313614255750420e-05
1.366831314452899780e-05
1.314699021096585169e-05
1.298783032910653196e-05
1.293991900180040905e-05
1.271200718678009620e-05
1.259785497655483480e-05
1.238206789840903540e-05
1.224992787763259685e-05
1.182511913273500609e-05
1.148711822598176120e-05
1.132073150042196747e-05
1.101833334644388642e-05
1.098101464482876134e-05
1.081191919773321528e-05
1.032332355614628790e-05
1.022587366226658008e-05
1.006675175475437180e-05
9.783208854654824150e-06
9.716726326289892437e-06
9.637734518756423425e-06
9.448367286647760984e-06
9.248550448656091060e-06
8.956615520736703844e-06
8.776025061625907883e-06
8.539547079636603213e-06
8.383453315572327906e-06
8.161691196488643957e-06
8.099812668489483972e-06
8.004617704540925658e-06
7.857738321366238148e-06
7.745978236576906803e-06
7.514967886726801511e-06
7.435567681039882951e-06
7.223701140300639394e-06
7.102947070194935387e-06
7.026567126453572760e-06
6.832834314624364713e-06
6.647717237474055179e-06
6.587263244534091212e-06
6.382893664971427576e-06
6.318333033297966712e-06
6.186409753164684258e-06
6.157223864395241093e-06
6.034726621240025326e-06
5.939081192320477441e-06
5.830537706873427023e-06
5.805542032924447256e-06
5.584978743639477231e-06
5.529237686536146499e-06
5.470443438247395863e-06
5.345704590599207457e-06
5.296404458124440672e-06
5.266033512368031237e-06
5.120615272434928619e-06
5.019010287304493393e-06
4.911891978584137480e-06
4.804454989155796891e-06
4.743433536293787317e-06
4.656599501170004817e-06
4.573010869446280935e-06
4.467309131772492111e-06
4.386853864804404127e-06
4.225945353818297504e-06
4.166136703050952909e-06
4.110258239362254900e-06
4.010986786109594562e-06
3.974859515571662159e-06
3.909666743467889333e-06
3.844472102914484737e-06
3.792523256977590140e-06
3.751575404254649800e-06
3.703774114894086394e-06
3.623080128736518867e-06
3.487588628236959277e-06
3.454100848173847370e-06
3.399637899440724341e-06
3.285295216849913839e-06
3.247467654741508750e-06
3.196477815642858946e-06
3.157411863854134878e-06
3.083072337101004119e-06
3.014124252982982541e-06
3.000193669779218108e-06
2.951708473931632664e-06
2.906306080630516560e-06
2.792532629986305532e-06
2.782961024400776116e-06
2.745362418229333162e-06
2.692171673757537014e-06
2.635049346473054174e-06
2.567398415399268933e-06
2.552102197254011541e-06
2.505671629810831497e-06
2.483232116291776415e-06
2.454782675341121480e-06
2.449262182177148712e-06
2.408898335146462505e-06
2.393660438644184129e-06
2.338127997539693739e-06
2.301110465976301222e-06
2.231441542123991711e-06
2.207544477366582645e-06
2.183512296126928800e-06
2.131282792480928447e-06
2.088527083536675504e-06
2.041514443284041320e-06
2.028251589328976758e-06
1.989664471396040163e-06
1.923889500315457877e-06
1.905928077371889319e-06
1.875382075155688002e-06
1.844920855634195018e-06
1.829920495207149914e-06
1.786642025402426468e-06
1.753346974930539750e-06
1.736505707307177631e-06
1.677233773956289841e-06
1.648733498361332348e-06
1.619576193231261867e-06
1.580270465326802934e-06
1.532215444596118742e-06
1.517680032856612763e-06
1.492237157251584122e-06
1.469176325724542918e-06
1.447251934606517327e-06
1.443134064525300510e-06
1.418193222675360978e-06
1.396614867135732513e-06
1.390803180809764749e-06
1.359096874100094443e-06
1.325965333026317756e-06
1.321892917114994285e-06
1.280470074815319962e-06
1.250162129078627381e-06
1.217184159235811640e-06
1.203455755179372473e-06
1.184578793403448886e-06
1.166460385335227421e-06
1.156218022788598246e-06
1.142017035865648716e-06
1.113192779523692890e-06
1.107915164961761830e-06
1.100846463011024552e-06
1.065232921707351574e-06
1.057031727412303876e-06
1.050480223558410582e-06
1.003765831003433937e-06
9.803554637118283619e-07
9.736224833207745666e-07
9.604772942041895338e-07
9.349151538007716639e-07
9.111060908753255565e-07
9.030581581699016038e-07
8.898487356183521646e-07
8.659068352109236543e-07
8.535815594779520931e-07
8.392548116238293193e-07
8.147914327819993049e-07
8.021497322914696489e-07
7.911344137700082557e-07
7.768453738210672271e-07
7.659170272953790042e-07
7.518528074597952825e-07
7.457023862042416531e-07
7.320767571101078411e-07
7.147032042048380732e-07
7.066663653426824356e-07
6.983028216730152316e-07
6.873135964537790018e-07
6.856683506319253518e-07
6.773635641645798083e-07
6.624608639950788725e-07
6.584774167051610177e-07
6.484866922869578448e-07
6.383615733164728390e-07
6.266001747248301889e-07
6.121329480267228467e-07
6.025638821526923170e-07
5.934665698667164854e-07
5.737837205703238417e-07
5.703583745972210781e-07
5.498810823952402957e-07
5.423538922481912605e-07
5.386342255430399956e-07
5.336642400045422709e-07
5.290496322659900286e-07
5.255595886310687056e-07
5.136536176141789730e-07
5.057366699342882609e-07
4.988199452706331957e-07
4.929456126148522641e-07
4.777240256572575528e-07
4.742944477023042181e-07
4.647843967149171109e-07
4.576654432198102722e-07
4.501090176941950960e-07
4.476343927651983836e-07
4.444574697455725629e-07
4.359729109658579320e-07
4.263124842374458558e-07
4.159724686898695220e-07
4.142234342951544825e-07
3.977986258752229088e-07
3.933148537863791889e-07
3.850051145330723392e-07
3.801222716326604734e-07
3.777475176843210915e-07
3.668618772473594256e-07
3.630753303756470349e-07
3.575339361701790140e-07
3.510921939604915449e-07
3.453700659634914005e-07
3.378741807310526066e-07
3.368063063107391223e-07
3.315628895752616686e-07
3.216725260797255988e-07
3.165705454677280996e-07
3.149529400458214867e-07
3.092248521158123105e-07
3.022299556204808790e-07
3.019293582899167775e-07
2.984007092691697094e-07
2.966945746611012354e-07
2.852451021464010260e-07
2.845030889192527414e-07
2.801125749662560158e-07
2.762647338569589857e-07
2.732374637643512940e-07
2.653291755136258297e-07
2.625885713400699924e-07
2.590248899902071904e-07
2.510219143199168683e-07
2.498035514968058841e-07
2.432338028331463343e-07
2.370735515931141567e-07
2.350740706447947456e-07
2.310682735323448012e-07
2.251999574472082046e-07
2.219494661143496802e-07
2.210537685417023662e-07
2.187214872040370120e-07
2.149383510909804356e-07
2.134086206954414195e-07
2.118210759080576564e-07
2.095942934675966188e-07
2.068236297249379427e-07
2.036826189056573967e-07
1.959018016393003890e-07
1.943343862233096443e-07
1.903107446674641995e-07
1.877315268061502445e-07
1.838059834394965603e-07
1.813944904665413470e-07
1.776313106791260532e-07
1.764328779811348655e-07
1.751499005491860251e-07
1.731055853011521007e-07
1.655488074053698353e-07
1.641804120248925156e-07
1.610223523617435823e-07
1.603828796967918269e-07
1.589332532160793513e-07
1.557947762870858640e-07
1.534747764516473089e-07
1.482734400637232961e-07
1.473890623952583531e-07
1.456863676717790044e-07
1.423959091089779495e-07
1.400875813984419614e-07
1.397814007099384359e-07
1.378033605649951581e-07
1.346577465869826016e-07
1.325897152445050830e-07
1.320706129301382752e-07
1.298320221801492912e-07
1.287497453223633090e-07
1.254274164209282344e-07
1.252664930943113150e-07
1.222109081089869538e-07
1.179470462968667694e-07
1.156160332535471317e-07
1.135354051152335689e-07
1.115098195616625602e-07
1.092276543088985487e-07
1.083878277669486145e-07
1.075874403467192691e-07
1.057840578345037396e-07
1.027598609132143281e-07
1.009886590105219085e-07
9.869516122306085888e-08
9.849040065222734591e-08
9.775683389544830117e-08
9.476864099055121628e-08
9.463206884414402736e-08
9.393783371217380774e-08
9.210095485573127802e-08
9.101138818782804538e-08
8.672721655924902573e-08
8.523086291801243519e-08
8.356237025567540909e-08
8.220869278378961563e-08
8.187303136394610355e-08
8.028054248505521283e-08
7.949778944909491364e-08
7.907119985523996960e-08
7.765117426630878073e-08
7.543446036643329551e-08
7.498830963826173782e-08
7.432287933000154248e-08
7.345450893514984462e-08
7.296649788028863467e-08
7.182502951590199546e-08
7.022323522396276234e-08
6.891437559948788735e-08
6.856760835360951081e-08
6.707809232846969204e-08
6.594728216124572354e-08
6.478114988393310451e-08
6.342888319715294448e-08
6.193172286019922641e-08
6.135307274422571625e-08
5.996182538461044213e-08
5.944904747478545581e-08
5.842778213508791352e-08
5.764475838385876158e-08
5.664154799368102180e-08
5.525202737269467153e-08
5.426224231529872123e-08
5.401083362240280345e-08
5.322385847369292705e-08
5.298577435870412263e-08
5.132535172394146495e-08
5.107180627527819046e-08
4.990697799802574264e-08
4.936721738886237148e-08
4.870320752040733424e-08
4.834698421021511908e-08
4.771650455128412489e-08
4.749160602481928247e-08
4.643013536780293400e-08
4.635911933155679980e-08
4.588000444914590308e-08
4.552986290764663860e-08
4.467121833992246131e-08
4.404037455063704363e-08
4.365398090315663756e-08
4.339476489293499609e-08
4.287476988037223777e-08
4.243300320913874556e-08
4.173026376131551412e-08
4.061083309372635474e-08
3.987719903309858094e-08
3.972853324922397773e-08
3.917564914279842930e-08
3.867588558345975433e-08
3.809579753967963472e-08
3.776461751754528480e-08
3.739167221880536192e-08
3.640668047763692275e-08
3.579016776025227957e-08
3.532782184214146726e-08
3.466393981621489323e-08
3.423970675218246894e-08
3.390443825586181074e-08
3.214933617679494695e-08
3.202534611058080144e-08
3.166165653863825550e-08
3.101863528669980188e-08
3.062463805142272339e-08
3.026606645310383974e-08
3.004165190864494249e-08
2.988117560466632874e-08
2.939200337462884249e-08
2.903367470070959952e-08
2.887151271290316777e-08
2.836629154086253297e-08
2.800262471624554317e-08
2.746571895288952202e-08
2.725523468844383875e-08
2.673933532591213555e-08
2.654092661055482030e-08
2.617771874813861539e-08
2.571257866096002289e-08
2.535044331659467846e-08
2.510224866753986137e-08
2.434783316593512459e-08
2.391016795849790780e-08
2.353953725100990142e-08
2.334896611826278832e-08
2.250011508668300915e-08
2.243837376413621360e-08
2.242477846772361218e-08
2.198958479097592972e-08
2.157175055094731231e-08
2.115429163626977777e-08
2.092722047555872057e-08
2.083612375294401952e-08
2.063673799380251532e-08
1.972463263662174901e-08
1.965972083859846988e-08
1.946826630664034114e-08
1.929805442311807614e-08
1.911560907579471009e-08
1.850362305409663637e-08
1.837889544549194102e-08
1.802586136992750893e-08
1.783763669027280497e-08
1.754562164944753243e-08
1.714934747151541373e-08
1.685938692139445566e-08
1.653621945460810535e-08
1.619485576062601834e-08
1.609041613475886299e-08
1.575159987472559321e-08
1.557830460229455609e-08
1.545831181004830419e-08
1.543822383145981700e-08
1.532629572664554326e-08
1.517761399279495381e-08
1.490169020578628112e-08
1.483240971067481541e-08
1.460993204844887966e-08
1.403917078747686507e-08
1.390382616276830862e-08
1.356714240519455930e-08
1.339041243185531788e-08
1.333235675404230123e-08
1.327661986273296401e-08
1.290352730492672658e-08
1.265976221641996116e-08
1.244808118141607011e-08
1.220245379278057250e-08
1.197536413080486606e-08
1.189147075724420701e-08
1.142221168068642222e-08
1.133859403961187573e-08
1.121057798234069621e-08
1.110171158963644912e-08
1.087836124308485615e-08
1.043522145109622847e-08
1.038953129436447494e-08
1.022532641365008027e-08
1.004460077062791834e-08
9.872536818093932067e-09
9.776860006990857892e-09
9.631256957547338547e-09
9.522925155103679998e-09
9.473225095082446476e-09
9.404049945111694685e-09
9.133367479672631496e-09
9.049107195782859455e-09
8.866917241159191401e-09
8.729872217199523508e-09
8.622929921171121666e-09
8.563809659356143453e-09
8.245652359902040851e-09
8.186464209914140529e-09
8.159350705848267609e-09
7.903669144924436721e-09
7.808311954189607450e-09
7.739240949756437225e-09
7.670758522540276741e-09
7.383724875558104259e-09
7.219519035728109446e-09
7.109144838459948695e-09
6.962119504907133789e-09
6.933998730830526734e-09
6.901646203088216027e-09
6.860166970743410218e-09
6.710281389618229576e-09
6.294193194999602561e-09
6.224249230562239181e-09
6.121961456676040172e-09
5.985862286640021213e-09
5.933527308080391827e-09
5.795409851322909852e-09
5.710233637600851680e-09
5.690979006102814709e-09
5.561047011214081172e-09
5.511160928905524274e-09
5.387300618966139284e-09
5.339543676317302374e-09
5.189376942835613748e-09
5.155996352630612662e-09
5.109046206951209259e-09
4.963604187096953759e-09
4.851359890903391876e-09
4.791261537624052411e-09
4.707821967573161964e-09
4.571178495219206940e-09
4.535277005283828285e-09
4.460151369031473092e-09
4.408367136200337818e-09
4.298647559501704875e-09
4.180629619358142824e-09
4.091810295557670619e-09
4.059879869880256388e-09
4.004255791084749401e-09
3.853955489499166299e-09
3.829052782193005217e-09
3.729347366098731908e-09
3.693570458404411692e-09
3.591944518855087919e-09
3.558391414805046298e-09
3.497705757846345158e-09
3.436842901492262350e-09
3.371759316282140182e-09
3.316541041406444324e-09
3.282950233147711032e-09
3.210757329437683531e-09
3.112663192992825717e-09
2.975962811586210678e-09
2.959417201392205809e-09
2.913403951750745042e-09
2.855026992760544322e-09
2.817512804859342184e-09
2.742892862276457861e-09
2.705931857645145418e-09
2.651622605397244714e-09
2.542714473701461662e-09
2.528907332455871946e-09
2.452296219291181090e-09
2.425691795001505426e-09
2.394106139430513742e-09
2.322629615619839017e-09
2.303083862781402774e-09
2.223325153638327991e-09
2.172763058609733386e-09
2.099288386395084190e-09
2.081427840177023901e-09
2.074866166680047323e-09
1.998031499744332161e-09
1.956395657062389741e-09
1.925826186579673869e-09
1.810529058753822941e-09
1.785410285415798328e-09
1.733209736458401531e-09
1.668128164240624935e-09
1.615732088306650617e-09
1.611806254134904536e-09
1.586668879927223860e-09
1.500439021421572561e-09
1.475143253274569959e-09
1.441660679096435144e-09
1.425169518464260904e-09
1.329068404317451163e-09
1.273317561842164923e-09
1.249567220716518406e-09
1.233472612754634200e-09
1.148102480742417637e-09
1.103986749304773956e-09
1.093682060754200087e-09
1.040658118169652690e-09
1.027059039711550366e-09
9.862606901342628253e-10
9.773983300955233971e-10
9.383702303005464885e-10
8.685310104207765926e-10
8.503069084567102306e-10
8.365543561902333202e-10
8.053483885203447786e-10
7.767797956823748879e-10
7.521430374261211768e-10
5.460934944419884883e-10
5.090182750953149200e-10
4.822263409271745788e-10
4.520155629870528248e-10
4.376811193641465294e-10
4.220880287118702510e-10
3.245842829309730211e-10
2.996810730833768444e-10
