4.516911314976485708e-02
1.834434149081138124e-02
1.462507325715692308e-02
1.074078422592169083e-02
9.162183975813200168e-03
8.636370764406693309e-03
6.924759223394747094e-03
6.677209410000032978e-03
5.717441808768760486e-03
5.603058866756497475e-03
5.242691227792478301e-03
4.914806726966916214e-03
4.386622150809055959e-03
4.078974264740598335e-03
3.952146630510257851e-03
3.864088521933784718e-03
3.684021541707029057e-03
3.519678793078132289e-03
3.184529589651319270e-03
3.007921666843286958e-03
2.979751608027237167e-03
2.843930889475463058e-03
2.782570883213754571e-03
2.548283196312115580e-03
2.475704782551871406e-03
2.403278916175069849e-03
2.340733212175076777e-03
2.229494787572651893e-03
2.178986975475209233e-03
2.162102317304027618e-03
2.025316115219120798e-03
1.968515936712729193e-03
1.878734366037463320e-03
1.827013630551463418e-03
1.810620824505681375e-03
1.719857911856560945e-03
1.697707372630510771e-03
1.648413175958097316e-03
1.626017012762501343e-03
1.585159697524438863e-03
1.543898118425000637e-03
1.474641344492133447e-03
1.425651589837580689e-03
1.400929177161292991e-03
1.367542315752141684e-03
1.303848768260641765e-03
1.265448334493825613e-03
1.256427326399205038e-03
1.232415594150622091e-03
1.173504759615710304e-03
1.167041899455680681e-03
1.154716420130342050e-03
1.125189484691029680e-03
1.095496615552644286e-03
1.075066661394570144e-03
1.051070684365949196e-03
1.027263921872185624e-03
1.008626819705078000e-03
9.832702353307790164e-04
9.566055239342343428e-04
9.473317393999742316e-04
9.203731726758815606e-04
9.183748257396953836e-04
8.745259956847608977e-04
8.467983382490924240e-04
8.442772222055288734e-04
8.293930186305478345e-04
8.174956938595026286e-04
7.974140406622016661e-04
7.841007517050104436e-04
7.786400392345517365e-04
7.566425991012709499e-04
7.341986785465408208e-04
7.228244588462069643e-04
7.142550959099683468e-04
6.930069997324756490e-04
6.871979216219504822e-04
6.787600200541051183e-04
6.676823419151181344e-04
6.543214255402021685e-04
6.504757465959699111e-04
6.425796381474085071e-04
6.206005606844347674e-04
6.151795630547911460e-04
6.056588696976472532e-04
5.975906080711075206e-04
5.720350349100121988e-04
5.640306154313765204e-04
5.509227943282891471e-04
5.419874949979202163e-04
5.336303442205600402e-04
5.219764600785776164e-04
5.166253739558830183e-04
5.098637129095878566e-04
4.987152865761989131e-04
4.940589694241499146e-04
4.859658021713162833e-04
4.795823870301519493e-04
4.706202909633887895e-04
4.641753650732024020e-04
4.598609147075243832e-04
4.545361056114432695e-04
4.509029622332163785e-04
4.407365460186481588e-04
4.276137112328119846e-04
4.240823872774688794e-04
4.181045716583920986e-04
4.080802144268986641e-04
4.040910853759415366e-04
4.026926784735576767e-04
3.978052918725241867e-04
3.869779265232104674e-04
3.801631953261314480e-04
3.782675023401899008e-04
3.730888459173034252e-04
3.687448512344889350e-04
3.644766788567057919e-04
3.627713530516026691e-04
3.497947503993407070e-04
3.473010024097022671e-04
3.458703021921299015e-04
3.374751788229047298e-04
3.338244858006686618e-04
3.254955492357616614e-04
3.223054564703476299e-04
3.138579587343111386e-04
3.105387541873901253e-04
3.072300012034971791e-04
3.021594318858128437e-04
3.004603081147971919e-04
2.961527392567956914e-04
2.923805976449957373e-04
2.901846932469311319e-04
2.860882907717526933e-04
2.823549130196802734e-04
2.810673417139529485e-04
2.769063179141126731e-04
2.689965527569066232e-04
2.629964846861254776e-04
2.603291629175326079e-04
2.591166045814512989e-04
2.547883430083237172e-04
2.506301874631539995e-04
2.491022504102385665e-04
2.484474462473035424e-04
2.441786166984891561e-04
2.412965475894594282e-04
2.355070880646603615e-04
2.333320479303310042e-04
2.313106017152942418e-04
2.274981017091982970e-04
2.260315141839435425e-04
2.238282109871110820e-04
2.209053618207483028e-04
2.194367364209042013e-04
2.178240697187771723e-04
2.138202946028981569e-04
2.124184643979717090e-04
2.104963522409260550e-04
2.070431746897719147e-04
2.035171091942723678e-04
2.013412392585820312e-04
1.990025856453342195e-04
1.955500651723944007e-04
1.937702565522122372e-04
1.926052360279005289e-04
1.878545791178900300e-04
1.865641230343485627e-04
1.856616623083513068e-04
1.810863524501794006e-04
1.771914528685144901e-04
1.738178601974354098e-04
1.693865942742765111e-04
1.686394845222517703e-04
1.674490433472026064e-04
1.663498357507165327e-04
1.645417346378101749e-04
1.623991594647847486e-04
1.608952009941220997e-04
1.589777295585212402e-04
1.577763235120625861e-04
1.570349349595734269e-04
1.553512540236224736e-04
1.498396291234149573e-04
1.479489587670340407e-04
1.471369244126039411e-04
1.456452475071586406e-04
1.449756509167001383e-04
1.439776671967930063e-04
1.430340638021271283e-04
1.401113444540312439e-04
1.391055960811939162e-04
1.375813615657554812e-04
1.358477533756008112e-04
1.342639112477832567e-04
1.333932285520014228e-04
1.327469409091073475e-04
1.305512782812884114e-04
1.289426872198461875e-04
1.268263002020863020e-04
1.258935550561596944e-04
1.245579011026264288e-04
1.239527374383400833e-04
1.225424892265368926e-04
1.206172054025501803e-04
1.191766219429957196e-04
1.165999037587225353e-04
1.162313347791148633e-04
1.150718769886723664e-04
1.134883017708514664e-04
1.119697182799255533e-04
1.107354768819897919e-04
1.095907763956286817e-04
1.086410644225040394e-04
1.073953169017639696e-04
1.063689768251916659e-04
1.052690882810849819e-04
1.044635144458936325e-04
1.012852633338725335e-04
1.009341429885722287e-04
1.001474956812043631e-04
9.879362745911756934e-05
9.758239595920153162e-05
9.663737249975292950e-05
9.558908734434853286e-05
9.290744762588397409e-05
9.226145720056968364e-05
9.186146383193768180e-05
9.016567693031720841e-05
8.980150175434308739e-05
8.846808909596256230e-05
8.771250296430384871e-05
8.737310856660911781e-05
8.580964199453043118e-05
8.490473542763454741e-05
8.448100059801257208e-05
8.369942935567339644e-05
8.339622152083983793e-05
8.286420511295865255e-05
8.090619582274269285e-05
7.995894122946780170e-05
7.969004996037050762e-05
7.915039150911204881e-05
7.855423724878296380e-05
7.803128000879182736e-05
7.665260492271967405e-05
7.562472397974256348e-05
7.494749324207480076e-05
7.477190826401947511e-05
7.397276791704920636e-05
7.324317586372114494e-05
7.321178198262416267e-05
7.254237636291796076e-05
7.097226731156113509e-05
7.039655939695809849e-05
6.958169311002072237e-05
6.935281895146122057e-05
6.904812475400491732e-05
6.785084678290800300e-05
6.669207251175608491e-05
6.611840997309318638e-05
6.591721609581384974e-05
6.541587741197979206e-05
6.478818756858336324e-05
6.379215168948158831e-05
6.337134358171617871e-05
6.291064593783999204e-05
6.223616062965231185e-05
6.181732994344442725e-05
6.157151429373708385e-05
6.080673916775387411e-05
6.045114364339952391e-05
5.971469779786508125e-05
5.906054740582894507e-05
5.840765162035119521e-05
5.741161462751793098e-05
5.673450105535121759e-05
5.581767806513269917e-05
5.560419018305463277e-05
5.503978860655614811e-05
5.423346487552967323e-05
5.361480950396793231e-05
5.345077686680866030e-05
5.303275825451340725e-05
5.230068724213882511e-05
5.170656109525996518e-05
5.096558214206081124e-05
5.060181233702836537e-05
5.030890412887562214e-05
4.926777270047000924e-05
4.896367559038692285e-05
4.868618987998676211e-05
4.828165595812606079e-05
4.770775361061347725e-05
4.730935020495981617e-05
4.687013637631076728e-05
4.623602822038478532e-05
4.600217108878439310e-05
4.502487999036419567e-05
4.469537599492789221e-05
4.450475272567156062e-05
4.428905737604031580e-05
4.403836207698740506e-05
4.334537687373345296e-05
4.304513492513644443e-05
4.249999391837055388e-05
4.215948415332657496e-05
4.198931031991181689e-05
4.118567665741755648e-05
4.100855646108287136e-05
4.045473206986694174e-05
4.016833250621733553e-05
3.976971906813672454e-05
3.955604169220242354e-05
3.860562320658118981e-05
3.809787326916354961e-05
3.789285401741563963e-05
3.754500835412898037e-05
3.731931473269043683e-05
3.705791975272116321e-05
3.653271286529655940e-05
3.633296883933499500e-05
3.583669008893160994e-05
3.541808589619193878e-05
3.526567024082476339e-05
3.506055821942345079e-05
3.495302415738606833e-05
3.445842926177098678e-05
3.394899000914081605e-05
3.382475170117580607e-05
3.356797287683922814e-05
3.309586033732855371e-05
3.274959733755638608e-05
3.231052629164206266e-05
3.188675632328230196e-05
3.154491729397676715e-05
3.129472607708994731e-05
3.086937662128616522e-05
3.053825161204337289e-05
3.021471651229455012e-05
3.010113690527351036e-05
2.990533772251285731e-05
2.965398614894984529e-05
2.939108253360580450e-05
2.889896104859039630e-05
2.852695711459107131e-05
2.852385879262842920e-05
2.821292416905844995e-05
2.806162490647107685e-05
2.792547693887433420e-05
2.778164380680525812e-05
2.732063645917235512e-05
2.724500216441050419e-05
2.703965780418061230e-05
2.696784994912594045e-05
2.676179603644844525e-05
2.634439190280427322e-05
2.621594608367231672e-05
2.585595374725988867e-05
2.575757505489288879e-05
2.555869368490158201e-05
2.518928142450716089e-05
2.503662938189186798e-05
2.472981399383728296e-05
2.451996798678725316e-05
2.420682732250361430e-05
2.410465821767911052e-05
2.379028841397791235e-05
2.368544955768756580e-05
2.322684433514071812e-05
2.286166199534990200e-05
2.278497639284402204e-05
2.254347251636830185e-05
2.237008772078382380e-05
2.214829626343811411e-05
2.202238606804812261e-05
2.196003242758810410e-05
2.188254872049887683e-05
2.164406478965112701e-05
2.146373129551615872e-05
2.129638825806420881e-05
2.122193156287972162e-05
2.114971124338338950e-05
2.072742236555412184e-05
2.059770476803759269e-05
2.051159648588386290e-05
2.018131136140139900e-05
2.011995334114008538e-05
2.006133221896944983e-05
1.992700375835922185e-05
1.947301973140703432e-05
1.937418502054010910e-05
1.906319147617241172e-05
1.893161545745645143e-05
1.866208835267829435e-05
1.859169761303026866e-05
1.843008122466708971e-05
1.829109942695980048e-05
1.817341187608651068e-05
1.800276807295384893e-05
1.785357105691095988e-05
1.768283005196013660e-05
1.748616562339100724e-05
1.732778835046081453e-05
1.717015527724062663e-05
1.713449018149813995e-05
1.691103969083114869e-05
1.681146404527588436e-05
1.663073832424333856e-05
1.657199563374172943e-05
1.648552589700176372e-05
1.638993107355090170e-05
1.632827194487392782e-05
1.619511678793495430e-05
1.605660036783298309e-05
1.587339282283454847e-05
1.576697198771256065e-05
1.561221652837655022e-05
1.543696018747437007e-05
1.531467404135560757e-05
1.521016314507024286e-05
1.504664518477948426e-05
1.491051758779844646e-05
1.478709197067723475e-05
1.468066935657134163e-05
1.449718726380745781e-05
1.441700756262922975e-05
1.439751902746465633e-05
1.424166536613568228e-05
1.404909787447107780e-05
1.400375957629980009e-05
1.382543869414097146e-05
1.349276414920612979e-05
1.336862057736442216e-05
1.332896097576794483e-05
1.327823726009509241e-05
1.317839836798747907e-05
1.315575119333118203e-05
1.303090498003239043e-05
1.296700445109871645e-05
1.292322971621520482e-05
1.280897483458160127e-05
1.274861119010578631e-05
1.254893696323770516e-05
1.239291591261820242e-05
1.235909795661999145e-05
1.225832855397956199e-05
1.207839790267356702e-05
1.191678550492257380e-05
1.182745302164683967e-05
1.176731685143021080e-05
1.166894836379619952e-05
1.154759903077534629e-05
1.152584024616667864e-05
1.142889850741758189e-05
1.128089298098293114e-05
1.121404970015284539e-05
1.116380970000353783e-05
1.109297135539610806e-05
1.103532796047114834e-05
1.086324467610347385e-05
1.080537745475899115e-05
1.072720012278044408e-05
1.050790948759406827e-05
1.043613349613119723e-05
1.041092340983126059e-05
1.035056736668295509e-05
1.009943322847059887e-05
1.007848514010852528e-05
9.963692084187365886e-06
9.861098747707277724e-06
9.705216507504550960e-06
9.628401432163192873e-06
9.543004868683494838e-06
9.533932371024354002e-06
9.434645067898944586e-06
9.388444370300498903e-06
9.221273543295935074e-06
9.123205685445838687e-06
9.064425539044995643e-06
8.997066250015980102e-06
8.982921142386096925e-06
8.824808533796811642e-06
8.798050408236120793e-06
8.787690568015013909e-06
8.711921325899146367e-06
8.634108344063703484e-06
8.555983640805209700e-06
8.531257498049160673e-06
8.506862061767179916e-06
8.474861190344707670e-06
8.385254566828708806e-06
8.322570230374335575e-06
8.215969753915990383e-06
8.154753300711141593e-06
8.129473488427317338e-06
8.060984555871576120e-06
7.995231739148021715e-06
7.928490585267201232e-06
7.859501392493167842e-06
7.828019680602410339e-06
7.759370869715215860e-06
7.725973540340436477e-06
7.720711588653145137e-06
7.687150468134447171e-06
7.607390201815930457e-06
7.546069676664703344e-06
7.466920985434133848e-06
7.438491162349310390e-06
7.336565826920389074e-06
7.285797995606776510e-06
7.228148239057217559e-06
7.211487883226256576e-06
7.150097617289446073e-06
7.105518333256414975e-06
7.080078384793130869e-06
7.060944284913623017e-06
7.016973679462086785e-06
6.913790297494742247e-06
6.882327749240376853e-06
6.798932494390244763e-06
6.774162712217325496e-06
6.699984006397655729e-06
6.667969255300819843e-06
6.597604735972110142e-06
6.427211619819879574e-06
6.386579325477212689e-06
6.323937470159765980e-06
6.217541583213012632e-06
6.193121123386105267e-06
6.108098868938329267e-06
6.067319529666902420e-06
6.033040775403633099e-06
6.011245359000862323e-06
5.941655036621039641e-06
5.903410351278642555e-06
5.853500941150354989e-06
5.803120713560283957e-06
5.773610737180093990e-06
5.691113960091106284e-06
5.687762902437086249e-06
5.535157257517672044e-06
5.502955016438818928e-06
5.471604948735167002e-06
5.451900624590893561e-06
5.442527051230678373e-06
5.389146397052180041e-06
5.360467939085945493e-06
5.293219966570117755e-06
5.273637733196021398e-06
5.260945725835074172e-06
5.231777214581798310e-06
5.143184555284177999e-06
5.118389867588759654e-06
5.107276049710808071e-06
5.018651220683416240e-06
4.966013440577863686e-06
4.920801363176876929e-06
4.889408563416569084e-06
4.845102424812649233e-06
4.840067356757246819e-06
4.813436106120486887e-06
4.785428539246241197e-06
4.753443773893410921e-06
4.698409692520864055e-06
4.664807193750937848e-06
4.636420375797651024e-06
4.601204046376124716e-06
4.550966746398515868e-06
4.538959256762614767e-06
4.519512670262632835e-06
4.514231765327682154e-06
4.490163656978203723e-06
4.441401224088994939e-06
4.403341988232923155e-06
4.338044296635964591e-06
4.289694048493983043e-06
4.162296408430919159e-06
4.129806315570362314e-06
4.123040526392906399e-06
4.070889995361153336e-06
4.063812139993268151e-06
4.047598141398411198e-06
4.002709430673573653e-06
3.977660560253453563e-06
3.971934433971529749e-06
3.926391123015645009e-06
3.860817260855244811e-06
3.858263333696442190e-06
3.824512547652068264e-06
3.789498505002930597e-06
3.785107900570859386e-06
3.746792984341004268e-06
3.712393426404000304e-06
3.691102473768973867e-06
3.677539416824606678e-06
3.628133802397099685e-06
3.593590598019907159e-06
3.567968303363852192e-06
3.536865044087989155e-06
3.515423196790719777e-06
3.461734355999446399e-06
3.415286038677346949e-06
3.404459632608764560e-06
3.393476444779490846e-06
3.391106434941687044e-06
3.378741807990777061e-06
3.339321686111202769e-06
3.319529651398961655e-06
3.301234653762511413e-06
3.253156418224756088e-06
3.198616840711800176e-06
3.174567244241009923e-06
3.158428997927162854e-06
3.125550313023133585e-06
3.118787621492693644e-06
3.100051116662890414e-06
3.071441478698129896e-06
3.056897343825222808e-06
3.046870242669441316e-06
3.005515212362354744e-06
2.970847329628495961e-06
2.956454529343152633e-06
2.934581459689594519e-06
2.916317043077157103e-06
2.893828585100928603e-06
2.855264154882486139e-06
2.833220545544912097e-06
2.830144640531479246e-06
2.754183954413276540e-06
2.739302147302838026e-06
2.724638488425283800e-06
2.708924452542096206e-06
2.696173849332371091e-06
2.670570106172112520e-06
2.657782825731806447e-06
2.633213078551881618e-06
2.628296183051818638e-06
2.603908297084982066e-06
2.566567324262962404e-06
2.557091278303953498e-06
2.535551554879753131e-06
2.519303541192994545e-06
2.473317356974100131e-06
2.446906157769120760e-06
2.425279235109428240e-06
2.414786303903864751e-06
2.400345767342179097e-06
2.385007733965878898e-06
2.367089540842235275e-06
2.348048788019279062e-06
2.333488257377488541e-06
2.295519760839807313e-06
2.289706326353341641e-06
2.280808092424666705e-06
2.255782435092976251e-06
2.239021727121840408e-06
2.234459875235211079e-06
2.204677275675709609e-06
2.192615209974173427e-06
2.165759573203985729e-06
2.153596365369021613e-06
2.130904079361345820e-06
2.124089382341786203e-06
2.108024661560607875e-06
2.088055553199276769e-06
2.068824190192615158e-06
2.046462359695429882e-06
2.030099245584218491e-06
2.017559978344338211e-06
2.011420988338497055e-06
1.965342288810042313e-06
1.950162852176326752e-06
1.922938330926185386e-06
1.909558355264412051e-06
1.882952107218424415e-06
1.879562450896557611e-06
1.874801981811266682e-06
1.859549212572257523e-06
1.831557054038400270e-06
1.818051712577758176e-06
1.808395744205743602e-06
1.794513251046072485e-06
1.778947052441629457e-06
1.744769315699625897e-06
1.732918381707033263e-06
1.728946461641139521e-06
1.710781172849789921e-06
1.675604741534537335e-06
1.665587559688040906e-06
1.657000460734133357e-06
1.631844797516905631e-06
1.610606633594150953e-06
1.610368154815526882e-06
1.569271466624434164e-06
1.554726701804948641e-06
1.548609191199590263e-06
1.535764913598249276e-06
1.522010161637816560e-06
1.515271869280603002e-06
1.502524758014124524e-06
1.494298554239264231e-06
1.491698091378819611e-06
1.483931413157004986e-06
1.470498284585843841e-06
1.461570071682577130e-06
1.454973021848381118e-06
1.434749936702054033e-06
1.419377378095265385e-06
1.414784318232701616e-06
1.407240374884292630e-06
1.404599020307277199e-06
1.389274558981100914e-06
1.387958203826448553e-06
1.370462879442568963e-06
1.364289583833885109e-06
1.352250834124653931e-06
1.346224835646295783e-06
1.336804581965003514e-06
1.324742097810164911e-06
1.315917726760239284e-06
1.310305085192606501e-06
1.287691329009729830e-06
1.259745492286384215e-06
1.243054296457839119e-06
1.234549983547105084e-06
1.222373207647957804e-06
1.207724351724509656e-06
1.201849476316207336e-06
1.189191725362268508e-06
1.179266402074172315e-06
1.163471903466851522e-06
1.152174055713605954e-06
1.146017842140089556e-06
1.132269757606380755e-06
1.113020924943658085e-06
1.104505995550897536e-06
1.102749792933322561e-06
1.097677168546853011e-06
1.096155838719514129e-06
1.076877306058983417e-06
1.051635610339724820e-06
1.050082003695011024e-06
1.035536102534862940e-06
1.025261776389844579e-06
1.010686507771171182e-06
1.010582382927133623e-06
9.908524907427561388e-07
9.859387838375005762e-07
9.772647152369576339e-07
9.639709773241672041e-07
9.507305639252887014e-07
9.422382746289249125e-07
9.409263734290807595e-07
9.243705227733394918e-07
9.103467041274151467e-07
9.064433673949050708e-07
9.019882346746018068e-07
8.914763464223591282e-07
8.675043612319834741e-07
8.637317408044057275e-07
8.606648168396527810e-07
8.497301051199150200e-07
8.478093753802249130e-07
8.312907966806961674e-07
8.133795452172144380e-07
8.080238183571254337e-07
7.954904311918115240e-07
7.928137565506990889e-07
7.800214671424398071e-07
7.689455749458604092e-07
7.630369523860069331e-07
7.606692989176560027e-07
7.468576471139863816e-07
7.433387271428333913e-07
7.251169982473377366e-07
7.170350376487693382e-07
7.138488707462061489e-07
7.087366054574319891e-07
7.072836085463320454e-07
6.969107657606466317e-07
6.940280219630512049e-07
6.878599316658310347e-07
6.825958411034222849e-07
6.672863765698883970e-07
6.638851450280951450e-07
6.497021283227101208e-07
6.427050622815162143e-07
6.383264456409721658e-07
6.303351175593839864e-07
6.275719862279320714e-07
6.154355599871743311e-07
6.132541622433593143e-07
6.070256705662156042e-07
6.033079199611848666e-07
5.858427927745063602e-07
5.803875455435432783e-07
5.758289235279789818e-07
5.741566007902949240e-07
5.682039475960419873e-07
5.649165844140914340e-07
5.615404436506032572e-07
5.518983677979001304e-07
5.376122616215508218e-07
5.328582263858887210e-07
5.269239488185925825e-07
5.232650745200008034e-07
5.149394537541143908e-07
5.114758155919670118e-07
5.100669652032978759e-07
5.011570101368727707e-07
4.931386923346299485e-07
4.916670345570724421e-07
4.891222015211827261e-07
4.844879836980554242e-07
4.688559285738912154e-07
4.679222647189617022e-07
4.624195209423338815e-07
4.427880884981253681e-07
4.359618908954995052e-07
4.355960912502807304e-07
4.343532031478426595e-07
4.295805749997904460e-07
4.272464268644692493e-07
4.241997945366933042e-07
4.197303317230032330e-07
4.190771525604255951e-07
4.160748653046597104e-07
4.059161280914341438e-07
4.000665717329469900e-07
3.998485578306548542e-07
3.896149795685444639e-07
3.886137652818537960e-07
3.744910932001250942e-07
3.666969823386656683e-07
3.654292755325138126e-07
3.599852326468773661e-07
3.567821072702784883e-07
3.487783985682391888e-07
3.448173912900348267e-07
3.412178335137424314e-07
3.382582547426863551e-07
3.212437341559294241e-07
3.107462177564741023e-07
3.037120245176620626e-07
2.982656505414026345e-07
2.943373087976231359e-07
2.904550697951942940e-07
2.849043053107323585e-07
2.791145414029989774e-07
2.774134234526711589e-07
2.713912212470810251e-07
2.681345707296245065e-07
2.679121767773018337e-07
2.638692560753145640e-07
2.570897682902456200e-07
2.506621778774541405e-07
2.491635045612924120e-07
2.456356321880394136e-07
2.429534102358533299e-07
2.413307637788313559e-07
2.345582565344063781e-07
2.258902221920434435e-07
2.130841375944961073e-07
2.115966201384693034e-07
2.104932452102802897e-07
2.078844874157616788e-07
2.049688089532342349e-07
2.033464946906353993e-07
1.962854264149606440e-07
1.921324572537227169e-07
1.861046849488740244e-07
1.855325980077061953e-07
1.760700993456248883e-07
1.725548523434564727e-07
1.675528952438898836e-07
1.661891138699004741e-07
1.605953169125157124e-07
1.584863347920383549e-07
1.562476583345621198e-07
1.545226915279675515e-07
1.512105037379648427e-07
1.464918980413249240e-07
1.445647511221892353e-07
1.424075330219672573e-07
1.370586702002535481e-07
1.358610782812563039e-07
1.326801066827793439e-07
1.221043381493271453e-07
1.206611769337472843e-07
1.195181477195469208e-07
1.138667251443166842e-07
1.102148560353411974e-07
1.087860934761476454e-07
1.066297535237783209e-07
1.031759451447061914e-07
1.010965676929568199e-07
9.629756788522102804e-08
9.585774817168978947e-08
9.506478557954966904e-08
9.316980442754094906e-08
8.684345180958092259e-08
8.361737394573987046e-08
8.115602129345271069e-08
7.929559789934864490e-08
7.676448453755420722e-08
7.350665287369098584e-08
7.046970217649802805e-08
6.843554286458651171e-08
6.825564619966493453e-08
6.643147192376793405e-08
6.509461981961353374e-08
6.359272975521658951e-08
6.088438815461209598e-08
5.724293241804428671e-08
5.639181296816264831e-08
5.473253947576287510e-08
5.340309647941900965e-08
5.116858938201861345e-08
4.756790595308350282e-08
4.723378648094961135e-08
4.671654518278542646e-08
4.402762783160938963e-08
4.270432278939176609e-08
4.171542762946616259e-08
3.826496430175939900e-08
3.820617409195281216e-08
3.704145898190141196e-08
3.471987270543231346e-08
3.435740337442679890e-08
3.356667339037041051e-08
3.324228487256818351e-08
3.288646313286672580e-08
2.986719196099625072e-08
2.858799391422688847e-08
2.683173254931675371e-08
2.538664152855104956e-08
2.394907050483996203e-08
2.096968975407392874e-08
1.962464596423954119e-08
1.626155233179828010e-08
1.543439451107875366e-08
1.507323124229916403e-08
1.363392331033083591e-08
1.257845007038229664e-08
1.152445209210705386e-08
1.021055531695045617e-08
9.816948656855195305e-09
9.753573363373817772e-09
9.178350188005085694e-09
8.395937264266289947e-09
7.827276684499455951e-09
6.814868775149519599e-09
6.378934532809556723e-09
5.954606965778765318e-09
4.978448319542094599e-09
4.607272052567173421e-09
4.008980028027961999e-09
2.440235756619838484e-09
2.342414125835940922e-09
1.312752995689057212e-09
1.031189091219555093e-09
7.888814015630368675e-10
