2.458211690420864307e-02
9.929175190240264667e-03
6.318645975384583335e-03
5.037169751818918947e-03
3.759968156662172635e-03
3.404051736303816481e-03
2.764176095183062520e-03
2.529338812670709705e-03
2.067633303827445552e-03
2.051043822958374847e-03
1.924335208275587857e-03
1.685429097175730577e-03
1.430586416100233446e-03
1.374362771795384613e-03
1.337001517551384116e-03
1.282538075411856398e-03
1.149013883440682966e-03
1.078640529501275359e-03
9.298333632444946229e-04
8.832018809579325960e-04
8.523970597131431395e-04
8.147811882858458895e-04
7.426014333075328265e-04
6.723480407071345160e-04
6.482235550396007236e-04
6.309482275085969132e-04
6.134055789686106023e-04
6.011564515597783275e-04
5.407784159005632344e-04
5.078130356053000378e-04
4.880808480321174045e-04
4.773384846431264145e-04
4.278451958135522700e-04
4.153123221196363952e-04
4.057210222462953012e-04
3.872863572968587441e-04
3.850355565645646066e-04
3.652696484487884146e-04
3.552054521825171634e-04
3.352304947097946687e-04
3.265579306581411524e-04
3.001544426508121225e-04
2.880524042759000959e-04
2.798855013165956114e-04
2.619043767359846716e-04
2.612087578392451579e-04
2.477367478946000657e-04
2.401058135887118420e-04
2.300662910949603541e-04
2.179416795182346285e-04
2.139987341646288775e-04
2.089880682344352856e-04
2.000514171361380763e-04
1.936420457814431442e-04
1.901796835897162283e-04
1.808437705155395859e-04
1.790793370475582229e-04
1.675258239634670829e-04
1.625796266095652230e-04
1.559668026121391348e-04
1.507083625937470682e-04
1.479253040220922819e-04
1.414590769983650428e-04
1.380424606713115399e-04
1.308827538219426367e-04
1.296570913952931167e-04
1.254745209063653361e-04
1.198782083323318611e-04
1.175464187600668540e-04
1.153607137614892777e-04
1.089142572090329972e-04
1.050302281297638070e-04
1.020531417725736547e-04
9.718921929870634479e-05
9.607799366484053591e-05
9.372082447501807370e-05
9.112272645407687888e-05
8.948441228003460091e-05
8.821269737101626878e-05
8.579069653187688439e-05
8.433929235510654763e-05
8.366284288774282409e-05
7.972904369145313334e-05
7.537184084750007409e-05
7.490595450256664158e-05
6.943327110509580821e-05
6.914475279124608794e-05
6.768630464869512114e-05
6.389986479597458324e-05
6.248326489798315144e-05
6.109837352574221407e-05
5.961037883277814933e-05
5.763685407207944555e-05
5.668930409066135542e-05
5.577291913257172314e-05
5.385440678261115206e-05
5.322192062764959195e-05
5.193039569193882906e-05
4.976677388520668127e-05
4.895614354767912485e-05
4.798591121549438483e-05
4.736776615974742319e-05
4.562862047719830496e-05
4.430951073576223432e-05
4.329053807592711073e-05
4.222714416481169455e-05
4.122692301583235990e-05
3.959622661716113778e-05
3.949537785832377964e-05
3.897784146942111612e-05
3.853813616961605868e-05
3.696589598349429617e-05
3.636797457628607253e-05
3.497552134168706843e-05
3.438134149708222813e-05
3.387894603120976004e-05
3.248705527679443577e-05
3.185817690214632540e-05
3.135956736795528660e-05
3.034022130428433016e-05
2.990284616441456374e-05
2.817256795232514127e-05
2.740086441694813499e-05
2.694388616783978825e-05
2.665589309466121146e-05
2.495845955593391642e-05
2.455068297402868108e-05
2.426456231874008111e-05
2.372181597531262595e-05
2.332073341597648325e-05
2.271030044931112568e-05
2.242178412406636143e-05
2.221970348793335799e-05
2.216829522059980608e-05
2.194656372322813465e-05
2.046422908872645287e-05
1.977693730221966986e-05
1.948182102619558945e-05
1.925343914703321130e-05
1.868475372887629210e-05
1.840433498427459450e-05
1.823298218206068961e-05
1.752895228877650638e-05
1.743259907217563714e-05
1.703309915835414631e-05
1.670009765208626940e-05
1.627374330696553022e-05
1.579269303619299915e-05
1.534563954310398776e-05
1.521998892415116406e-05
1.509950711975209930e-05
1.478354197015570709e-05
1.442771660541690532e-05
1.426696939124240683e-05
1.398049564559077795e-05
1.377619742996755664e-05
1.336758107347734709e-05
1.315107296929497568e-05
1.281293714747222758e-05
1.239152997904583663e-05
1.212055928192407614e-05
1.204356122982161693e-05
1.173691862092979782e-05
1.157454823002057754e-05
1.134396062200029374e-05
1.109029881706971990e-05
1.081678860659765448e-05
1.067033793552222313e-05
1.027019321029810232e-05
1.017456457807282620e-05
9.729466823523758812e-06
9.396984048534860366e-06
9.253920512491551332e-06
9.038407147591491923e-06
8.835124264434501056e-06
8.734421907156651675e-06
8.469036615970449970e-06
8.244851546916531819e-06
8.095572184270846347e-06
7.965533389230877574e-06
7.928855014105697099e-06
7.715530510596310348e-06
7.455568037068090672e-06
7.233546006232450923e-06
7.106980137033971253e-06
6.943298326246834022e-06
6.900606083242468039e-06
6.623540532930737009e-06
6.562112239859944546e-06
6.525041884118601652e-06
6.189453192973257186e-06
6.181538060340022338e-06
6.010227080268005084e-06
5.919926885441410754e-06
5.894084222819547334e-06
5.789194231057348705e-06
5.743808203664704201e-06
5.611867668230222320e-06
5.552165539281011230e-06
5.482745050208114917e-06
5.404335132811682916e-06
5.279837465943435988e-06
5.148232304193517782e-06
5.041518354545653768e-06
4.943129806700851224e-06
4.839449532508076928e-06
4.774767300273740692e-06
4.645409702659006313e-06
4.517341391090016567e-06
4.423357637022138301e-06
4.413693593311772217e-06
4.325595860595733041e-06
4.175297646746046082e-06
4.095161920554782143e-06
4.057276484318039619e-06
3.976004674903503299e-06
3.890397465052275133e-06
3.853069080423266674e-06
3.700126439102290061e-06
3.621433662323494687e-06
3.599055134939026303e-06
3.453446397811460849e-06
3.423256831874955079e-06
3.329451768324683829e-06
3.252738632507142087e-06
3.136139572821418147e-06
3.072515122365085838e-06
3.016400469051575775e-06
2.942363809982941387e-06
2.939138710921503209e-06
2.889216449187864353e-06
2.811308846210721245e-06
2.761227898696093061e-06
2.715163414695782421e-06
2.699295340724177774e-06
2.633217557216641060e-06
2.540055828432945964e-06
2.507474959581890917e-06
2.465327389989605605e-06
2.444859110716681132e-06
2.373064314853229974e-06
2.333073988047116876e-06
2.323309167805467518e-06
2.253013262594501830e-06
2.247817262182837608e-06
2.215894380702145187e-06
2.153170151324615022e-06
2.117417883834432499e-06
2.067443799669494053e-06
2.028067496208814742e-06
2.014954507352621528e-06
1.972809800458330756e-06
1.944333678314382785e-06
1.917104559803915954e-06
1.889449305612992756e-06
1.838220056602077104e-06
1.804222015606143708e-06
1.796921257050243063e-06
1.775426761858853888e-06
1.736233991610233824e-06
1.706465105303343924e-06
1.690935469606020099e-06
1.631394516599554453e-06
1.624219173683338787e-06
1.605219366340862840e-06
1.572808038128856518e-06
1.565011300663344284e-06
1.536457215683270500e-06
1.513283960570642524e-06
1.494628114273462441e-06
1.454389646368910299e-06
1.429046210550585092e-06
1.406880458323758097e-06
1.381883423319898046e-06
1.363876382555728006e-06
1.315328896220218116e-06
1.303027353721810636e-06
1.265849918972929826e-06
1.231101861809600053e-06
1.214552325323642339e-06
1.183536485098887156e-06
1.181594408276138971e-06
1.160079176027660256e-06
1.133107346474183199e-06
1.123347121062731309e-06
1.100599495431867652e-06
1.068115231296093360e-06
1.048628230203735272e-06
1.038306868711440977e-06
1.026526857385814351e-06
1.024487241744898225e-06
9.873948061620874499e-07
9.743415188973557859e-07
9.422232708342778811e-07
9.236133843492924489e-07
9.080100124774104600e-07
9.051523716859629092e-07
8.861575505346664087e-07
8.557060174672635366e-07
8.381455126240515203e-07
8.306072876215134986e-07
8.148799270280074107e-07
8.086914601067462943e-07
7.971640700128128222e-07
7.864158842935589831e-07
7.690627214213758654e-07
7.566917073547808945e-07
7.304794963757731292e-07
7.190010086262504974e-07
7.143389311288846022e-07
7.012802131355184642e-07
6.753204758090579893e-07
6.430182220317777702e-07
6.327312618133409381e-07
6.319342053539778497e-07
6.146015435076827460e-07
6.113261187413052977e-07
6.038171888265277951e-07
5.994914377000095226e-07
5.918780281452148223e-07
5.799688842833199737e-07
5.749404557427757858e-07
5.672437793495776303e-07
5.585492953732848976e-07
5.517395480668960590e-07
5.461318435459464529e-07
5.233956612221695140e-07
5.058154040778159273e-07
4.929611844902149137e-07
4.904933571017551745e-07
4.871669015620609633e-07
4.735842495726271386e-07
4.708530966326082691e-07
4.605575444201474802e-07
4.481281490447170784e-07
4.406664035134562480e-07
4.378079550376823459e-07
4.332053363595760954e-07
4.207554704908230837e-07
4.189834326473035502e-07
4.133042284205478477e-07
4.080810257440248449e-07
3.982729941459299467e-07
3.935349840921251873e-07
3.910659871971276701e-07
3.807901724318936815e-07
3.779601483078709447e-07
3.712237462765626575e-07
3.686401751831459374e-07
3.618657648543726831e-07
3.591113318331156152e-07
3.510434835530568029e-07
3.471910001302507463e-07
3.383020328486306278e-07
3.355613545757055930e-07
3.321888955412040524e-07
3.237317158586830667e-07
3.194942195031137635e-07
3.172144933552676533e-07
3.139006417657866794e-07
3.102107438147024061e-07
3.037185105471947891e-07
2.948210111911207591e-07
2.911932307117816043e-07
2.797673849990903528e-07
2.762789454646624962e-07
2.690321138354421049e-07
2.675237671202744523e-07
2.640282278169979429e-07
2.606608377865896008e-07
2.499431848628135243e-07
2.465825525777740588e-07
2.404071841482699633e-07
2.395541083851040293e-07
2.371683989148502541e-07
2.218669009173494588e-07
2.198757469853594442e-07
2.179453625317565376e-07
2.156619380103451335e-07
2.111485038229231113e-07
2.083958963876493419e-07
2.051177213129904708e-07
2.044021259531071575e-07
2.014649391235035462e-07
1.997780310323647159e-07
1.969569552139394031e-07
1.905979487091165484e-07
1.889161949179983053e-07
1.851654159275114276e-07
1.823832842098587891e-07
1.772825869624308304e-07
1.751221003870148496e-07
1.734879996270025282e-07
1.705270408810084861e-07
1.692433285345301742e-07
1.678150446108609693e-07
1.658185525019935999e-07
1.614397136765455036e-07
1.599757905378222284e-07
1.588378168788254589e-07
1.509049933727335544e-07
1.492234969207451539e-07
1.476979293608449929e-07
1.456419571102914232e-07
1.449775952830886841e-07
1.427122285939669725e-07
1.406635177006546323e-07
1.389685119460652120e-07
1.366257795421418375e-07
1.356320202151753791e-07
1.330140737446696534e-07
1.309653341352586174e-07
1.283538962538124754e-07
1.269598773188777263e-07
1.227471715510470699e-07
1.222442746927822197e-07
1.197637307119688979e-07
1.187119955679274314e-07
1.163633826562612393e-07
1.151996914671042895e-07
1.128167473630881166e-07
1.121778458276101316e-07
1.100132653749177885e-07
1.091305292770476009e-07
1.080785233450329696e-07
1.076031718667934970e-07
1.064239927299733493e-07
1.025119047930161549e-07
1.004805117214154709e-07
9.921661506723973919e-08
9.846476115118276344e-08
9.837940285070304783e-08
9.591063461246870583e-08
9.507067893685645163e-08
9.414245346120474041e-08
9.312990936564951358e-08
9.095807321299955008e-08
8.992807469035408671e-08
8.852353716798740602e-08
8.671189002982998628e-08
8.465724047930174461e-08
8.341689614262145390e-08
8.281899302695736261e-08
8.026600996167548684e-08
7.810067844190695084e-08
7.639025811033574981e-08
7.586136817368191380e-08
7.529443408347569101e-08
7.464373923233107503e-08
7.351277877960762243e-08
7.272948627574390474e-08
7.121081880124716669e-08
6.909486764466846954e-08
6.777648188567765619e-08
6.603587446367583037e-08
6.565743157963313464e-08
6.514348302777023475e-08
6.496671357652545135e-08
6.337451096629997000e-08
6.327603995208349486e-08
6.238993459374934732e-08
6.072591140586617845e-08
5.948380114219767226e-08
5.897182387991024002e-08
5.820646319634971214e-08
5.634489719840811369e-08
5.404960045796650380e-08
5.336887642858024817e-08
5.285974201414716612e-08
5.263428372303680747e-08
5.135580380296471499e-08
5.075948674528924306e-08
5.016351208413268736e-08
4.997091323977704776e-08
4.930594696902911171e-08
4.843458793978702608e-08
4.805285255972850960e-08
4.752402153552451663e-08
4.618669054184349793e-08
4.559675419680076880e-08
4.530302401987494630e-08
4.482978599092015391e-08
4.433502128932739955e-08
4.367602909209953294e-08
4.304533304276653097e-08
4.218103420318243510e-08
4.193005436926148840e-08
4.176445023244654056e-08
4.104398563713314570e-08
4.056751044589949694e-08
3.966108059195688232e-08
3.900041480808086475e-08
3.847397253905552828e-08
3.830011554988500050e-08
3.747112131570224958e-08
3.642185166282715265e-08
3.568843201884985176e-08
3.517874557632740627e-08
3.484018772338836133e-08
3.432880773710546522e-08
3.382413986553748078e-08
3.370363021226827945e-08
3.297944913581440219e-08
3.247484450446326444e-08
3.241065942203761234e-08
3.207707425485028401e-08
3.148904694863927384e-08
3.054126468466486420e-08
3.021240981881188153e-08
2.986937836228359073e-08
2.948059477801508213e-08
2.913680351429185127e-08
2.877300821747867865e-08
2.867314371707012516e-08
2.780443453646294186e-08
2.706991636790852561e-08
2.677638610463858735e-08
2.652855743300513515e-08
2.605121845948983334e-08
2.578794585289449933e-08
2.570925157693224180e-08
2.502758487372812092e-08
2.449592679791058440e-08
2.400724066772072595e-08
2.366454121404676077e-08
2.318095151166343227e-08
2.293531723933164579e-08
2.248470670478333731e-08
2.219837982006891039e-08
2.200965860356169107e-08
2.142102613435897872e-08
2.119259524453573166e-08
2.080909883003939447e-08
2.068703273816374513e-08
2.048078827781289201e-08
2.019652947709395539e-08
1.992145485432812370e-08
1.927513012957722816e-08
1.909438703388911297e-08
1.881865594908075416e-08
1.813706862035584706e-08
1.777706973478466366e-08
1.744762368140907863e-08
1.738743230469430882e-08
1.731370316497129665e-08
1.713883552803086230e-08
1.655842584462036408e-08
1.641950529161944304e-08
1.614442514843790700e-08
1.585016522733515879e-08
1.539662598148556250e-08
1.529585864637653423e-08
1.514121714770709699e-08
1.487364265025801496e-08
1.484036136409553425e-08
1.440816180622236789e-08
1.439984732174744936e-08
1.405473404539528857e-08
1.360164086442556382e-08
1.347907258392296338e-08
1.335259585188001765e-08
1.328546039425641917e-08
1.313625098046156536e-08
1.289705058324754204e-08
1.261970302390154540e-08
1.249774585725644824e-08
1.222555029383802424e-08
1.197803325135092950e-08
1.190347633115175131e-08
1.162463955960010759e-08
1.147494235842929884e-08
1.131134409278714554e-08
1.117764964681200875e-08
1.094377788888805991e-08
1.076215331732117022e-08
1.067595134971386432e-08
1.056054856845338229e-08
1.041627319908340927e-08
1.030497446802550757e-08
1.026804555515741999e-08
1.002919195997702984e-08
9.919698653409381608e-09
9.719477516857359430e-09
9.645598733534003223e-09
9.543884781258698532e-09
9.429363236433475705e-09
9.345961840165029338e-09
9.260022647805558963e-09
9.242277286140883338e-09
9.013086299776372140e-09
8.875988508091994442e-09
8.711409428974542905e-09
8.452980178832807085e-09
8.338841411258454383e-09
8.237393158380325602e-09
8.148324352581628607e-09
8.039404392048057924e-09
8.006675324959092261e-09
7.971629436211814398e-09
7.754343225964352096e-09
7.673241095547084315e-09
7.510903769417940949e-09
7.485595332252521541e-09
7.447694328017236086e-09
7.337976877146675720e-09
7.134244263951181554e-09
7.076893553875077554e-09
7.005253020854411181e-09
6.840853420559159973e-09
6.748910028172067685e-09
6.695609805695713139e-09
6.568223881644796749e-09
6.538103822649674623e-09
6.463880328402711174e-09
6.426415320865005577e-09
6.321440624993168556e-09
6.300822083136346617e-09
6.240963655998830693e-09
6.104686828062316678e-09
6.090019483013204925e-09
5.885041154722162495e-09
5.663738594802147262e-09
5.485823054561432196e-09
5.335579925080594969e-09
5.228037149842453519e-09
5.187644105342391223e-09
5.111796107803031360e-09
5.082442323535172731e-09
5.067824472653080318e-09
4.975869681743140374e-09
4.927341574873070946e-09
4.844006366152989214e-09
4.757486143518685341e-09
4.647052792472157282e-09
4.541416083748840160e-09
4.485787377121325429e-09
4.447865918463338602e-09
4.382704146956691945e-09
4.335539278981614728e-09
4.296007305965686034e-09
4.253362930886582423e-09
4.187850422677591065e-09
4.182128113232121358e-09
4.085326636592527817e-09
4.041069872975486976e-09
3.966977391034044050e-09
3.915641006765691220e-09
3.880435243194491067e-09
3.823022874958013123e-09
3.680543129948680345e-09
3.676483713288035789e-09
3.645588743424504361e-09
3.532436988926880690e-09
3.425560045411493405e-09
3.369736987411244409e-09
3.281641618665656789e-09
3.248257444452357012e-09
3.109471485602601814e-09
3.086415602871902040e-09
3.011224076296437202e-09
2.966619521823362258e-09
2.948279217998241857e-09
2.901976051811313291e-09
2.864107471597087702e-09
2.855352743753666907e-09
2.821721604926283801e-09
2.767642079553999858e-09
2.741375833863938622e-09
2.701642332604470418e-09
2.644870923663348584e-09
2.559167028517882768e-09
2.539693635763146189e-09
2.495621087314272151e-09
2.415044222165493649e-09
2.392961614247687333e-09
2.352389574213585588e-09
2.346440219988571428e-09
2.319023504359811756e-09
2.247235205492185522e-09
2.227913892115732556e-09
2.177537040175140147e-09
2.131838575410881613e-09
2.121580497937805421e-09
2.090316092169521069e-09
2.023175936709359455e-09
1.987611499064648138e-09
1.939308242350664508e-09
1.909161074865754773e-09
1.896974043932630583e-09
1.832585440485110545e-09
1.802640725775745607e-09
1.785683879429022138e-09
1.765867894784380127e-09
1.751397446703410205e-09
1.723382896683307036e-09
1.716895395731375723e-09
1.644917638636028775e-09
1.624439631108408406e-09
1.594297443931460759e-09
1.573569949752646072e-09
1.568417384806451195e-09
1.508813686891687470e-09
1.499639465493996189e-09
1.460621742355797320e-09
1.443822331298954723e-09
1.440894731560716680e-09
1.424365611056385743e-09
1.407364415429786202e-09
1.390824999496029564e-09
1.377515549420591045e-09
1.346482008185879745e-09
1.299003477728336584e-09
1.281681976516867339e-09
1.228768241241880483e-09
1.219391522628687770e-09
1.207986881253593088e-09
1.199627426457119107e-09
1.187537330033109261e-09
1.181192900844351875e-09
1.169221111460186370e-09
1.128771541822773395e-09
1.113529527339759186e-09
1.091998220256132428e-09
1.085720554393757821e-09
1.074505301507884077e-09
1.032379322719826078e-09
1.020627914811794633e-09
1.019599831936953567e-09
9.961033838231994938e-10
9.753832780125413392e-10
9.606014822136804357e-10
9.419734121345471149e-10
9.246756760536919489e-10
9.206460361923212317e-10
8.993230447483875512e-10
8.795377658801800550e-10
8.524375445008549491e-10
8.296924051170688222e-10
8.226470825399916267e-10
8.137382337560554168e-10
7.970258139687765298e-10
7.920428722447326961e-10
7.883913698882859561e-10
7.854045000408813176e-10
7.597948452927085026e-10
7.461510423696550447e-10
7.279889880099350034e-10
7.089120762775910286e-10
7.058108894450575553e-10
6.854368829386921170e-10
6.760741081118047731e-10
6.593163513690544606e-10
6.552233242317397342e-10
6.408643594134314230e-10
6.336736119835961671e-10
6.224917541328925674e-10
6.165677515036622332e-10
6.044381098793384306e-10
5.720382403260184928e-10
5.690033049089673659e-10
5.604563204731466814e-10
5.525867100085420638e-10
5.477212875374233504e-10
5.379980487850786842e-10
5.246472154810247004e-10
5.098934256730877625e-10
4.953204040085772449e-10
4.770998794997619244e-10
4.645628389315752452e-10
4.545086198369076106e-10
4.531729820169593996e-10
4.498714274932884309e-10
4.456037472263931453e-10
4.347600594452115808e-10
4.185052007874717612e-10
4.049031649014271648e-10
4.009923690266501506e-10
3.906187016894926100e-10
3.813955448048283400e-10
3.803303819491777073e-10
3.745511380304282906e-10
3.566229050411478624e-10
3.533546928171975966e-10
3.379406342814873030e-10
3.373691842611557969e-10
3.359831810192344376e-10
3.291037815625061953e-10
3.205790993611719966e-10
3.142043074192743776e-10
3.075544439372943783e-10
3.015816985058699470e-10
2.930839200504228867e-10
2.910964455599731421e-10
2.829968593672072727e-10
2.748944763233111348e-10
2.639085055644670478e-10
2.543373436966889371e-10
2.510295007713354847e-10
2.475697467788575999e-10
2.452114006083186579e-10
2.386549682455479151e-10
2.374792688219234219e-10
2.345596224857822007e-10
2.314283702687213303e-10
2.290207825486334093e-10
2.216534415476628621e-10
2.129887416177256566e-10
2.003924840453809167e-10
1.956975543946827962e-10
1.948620735528759288e-10
1.914479393365700473e-10
1.883907575316758955e-10
1.808754362937697843e-10
1.765733197831729243e-10
1.760376037292871341e-10
1.751615761932364716e-10
1.686145980177440885e-10
1.678580843282440158e-10
1.633687772968355323e-10
1.577232920394198734e-10
1.561965900555790636e-10
1.519481086805592262e-10
1.455146645294744078e-10
1.430950823707290059e-10
1.409195993355334571e-10
1.407420893836616006e-10
1.343475862601880550e-10
1.244635247430895295e-10
1.239286228257106850e-10
1.198821980840161333e-10
1.175157076746881688e-10
1.158130237252445403e-10
1.131653973890410146e-10
1.094260339604545777e-10
1.057400366875411865e-10
1.022899129188326807e-10
9.966354787145036942e-11
9.693615061439754166e-11
9.652559671455076240e-11
9.573201044399316060e-11
9.506858288169151437e-11
8.655230893604903451e-11
7.957730494339762028e-11
7.828311094655390194e-11
7.631399434996181371e-11
7.611870514416437176e-11
7.525257279896427689e-11
7.500696661019507363e-11
7.425013556816368220e-11
6.679961994636388209e-11
6.617233335031163437e-11
6.044865014405052263e-11
5.772085415088867545e-11
5.689152304404828247e-11
5.338701216334547185e-11
5.256556489070192893e-11
5.127841955823734572e-11
4.730449934669615204e-11
4.678226119060159863e-11
4.315990298075449115e-11
4.213483183887130910e-11
4.167796318632570815e-11
3.721936305616093248e-11
3.677291544995512604e-11
3.555773186792464082e-11
3.432838203122439026e-11
3.329711178052836619e-11
3.229400322828868813e-11
3.209036624042582927e-11
2.944270664139034951e-11
2.741271097737660055e-11
2.657558060747667077e-11
2.559184318665796119e-11
2.480809276675251932e-11
2.473583901555726922e-11
2.309873897691336529e-11
2.272609437590602798e-11
2.203616490488101355e-11
2.029749214581210271e-11
1.999344713696779991e-11
1.951957266189976669e-11
1.852001403675916593e-11
1.780573428958851427e-11
1.570226915174830218e-11
1.503309294805536846e-11
1.459211441290682285e-11
1.415373636009570802e-11
1.346734210220109716e-11
1.265732691478318892e-11
1.239887238531841718e-11
1.201502656570881816e-11
1.096486220111558296e-11
1.052486662869395944e-11
1.000533406958910472e-11
9.152129178890009922e-12
8.321799092041562675e-12
8.136699171751676863e-12
7.915056493536912737e-12
7.601491540191229128e-12
6.750430735374889366e-12
6.440525635779044403e-12
6.262006255848006329e-12
5.666952469647609925e-12
5.141442801580820054e-12
4.994154597973834327e-12
4.706881049858376858e-12
4.694486724668010425e-12
4.495266170243540935e-12
3.883894426772369014e-12
3.838801336156075989e-12
3.596179593013964046e-12
3.219463292780320340e-12
3.181765095567530151e-12
3.120550133499557199e-12
2.937329077043709482e-12
2.706536890553203327e-12
2.565847908012417974e-12
2.461301081725168048e-12
2.417586717427805837e-12
2.275969347120531047e-12
2.109001362761634622e-12
1.993372118708154908e-12
1.826131037776701818e-12
1.761630167086216604e-12
1.465704724899914989e-12
1.388089181389677936e-12
1.307654495533229700e-12
1.264942416623402497e-12
1.233449190337736084e-12
1.218210401305334774e-12
1.064187657957085701e-12
9.495241698298248768e-13
8.108338332023168715e-13
7.250120939444316247e-13
7.028418042357299809e-13
6.971730344985032371e-13
6.631961697590765903e-13
6.544721829690946554e-13
5.114061381554133380e-13
3.988977821736439662e-13
3.438479033633030859e-13
3.372121084599088695e-13
3.005218630780521597e-13
2.482340674880656163e-13
2.435588767581201187e-13
1.859917724835538697e-13
1.744625469312297800e-13
1.415752730697969489e-13
1.366945159376946206e-13
1.250807562110355881e-13
1.011194750305823977e-13
8.717207766687507180e-14
4.590880016562453882e-14
3.348208793820629368e-14
2.406132929737908633e-14
1.770331145459027892e-14
1.478725243776421533e-14
1.413191621260475341e-14
1.018007339932240315e-14
5.055008588792912191e-15
4.138097821572965304e-15
2.126837512115540471e-15
4.959743181745675450e-16
