2.582435122590781562e-02
1.201781573307095403e-02
6.777188788504188120e-03
6.595549962082284529e-03
4.603350808161992165e-03
4.254606995647729380e-03
3.856317936506363508e-03
3.325888124370035906e-03
3.087628707286089319e-03
2.774847884527624747e-03
2.441011409244259450e-03
2.323371757547193668e-03
2.176813608459824724e-03
1.932028070721958368e-03
1.836166016125848890e-03
1.810591799928917877e-03
1.686939190713463831e-03
1.592819805430262074e-03
1.454926927957977652e-03
1.438667221554897069e-03
1.380426540260836204e-03
1.342239518972506524e-03
1.200425298687034714e-03
1.104493306210708927e-03
1.049638686254188115e-03
1.013053190202428764e-03
9.626194415404653844e-04
9.282902625041752074e-04
8.928572857145977530e-04
8.616428069903406825e-04
8.353319875797406710e-04
7.863489387448479966e-04
7.414539776987660131e-04
7.200306444887836057e-04
7.090250200111157660e-04
6.838942367387381999e-04
6.435935179828514109e-04
6.295794698302913280e-04
6.039651185383819454e-04
5.835240472262248623e-04
5.628492053621140644e-04
5.441342272862749159e-04
5.290888422256852849e-04
5.022899335791735503e-04
4.899787651766831544e-04
4.822063680042739157e-04
4.686137177441547399e-04
4.551621306210150929e-04
4.369799892167877393e-04
4.291444570671806629e-04
4.098781140654595735e-04
3.969043343517603692e-04
3.866702937416295269e-04
3.759729681790312207e-04
3.606354066009193754e-04
3.510348490215189562e-04
3.344131533507440344e-04
3.280837854951413257e-04
3.161724717424782864e-04
3.068062970438341537e-04
3.010159726452136283e-04
2.974891615438208115e-04
2.840207578208932856e-04
2.680453563266518456e-04
2.598562449042674796e-04
2.571109164523340072e-04
2.453617788702619441e-04
2.363952302217909879e-04
2.304571834590960790e-04
2.269771386080497667e-04
2.174296015773517299e-04
2.023384151798248050e-04
1.992794806709173355e-04
1.984686068815075157e-04
1.964864933083179438e-04
1.913794423917408738e-04
1.835567775380129540e-04
1.820845830424946282e-04
1.773745426992261610e-04
1.734457228620403437e-04
1.714342665918353709e-04
1.645802478437252518e-04
1.570410964317134339e-04
1.555591928682148808e-04
1.523070344465100878e-04
1.488866957874621891e-04
1.483300106663194558e-04
1.411835736237743145e-04
1.389682152884504801e-04
1.357747384799932121e-04
1.334420312949498137e-04
1.302510089676829977e-04
1.279008858662881130e-04
1.253564106653766203e-04
1.234268595031175978e-04
1.192285085463535920e-04
1.179469645854004168e-04
1.158837395237334171e-04
1.146685980523775254e-04
1.096633631710231313e-04
1.077720708700386897e-04
1.054001581608225875e-04
1.037709539455985844e-04
1.013952321179040813e-04
9.780570951381230239e-05
9.731961442111258808e-05
9.557172564696135293e-05
9.484504660667974205e-05
9.289600675655805410e-05
9.149402304380654309e-05
8.847511605205083166e-05
8.427010656863186697e-05
8.249432513621589714e-05
8.073673234494279369e-05
7.888006490562517615e-05
7.705010813793938796e-05
7.094948010306685474e-05
6.978013671486940519e-05
6.747455479238729451e-05
6.732616550024153471e-05
6.580751957114877506e-05
6.541225831468920854e-05
6.409144496088589290e-05
6.353499946415787131e-05
6.274396055348646086e-05
6.012252446816214853e-05
5.904492810362190202e-05
5.774745994854807413e-05
5.672360872517120012e-05
5.555821668362277834e-05
5.308165049358769456e-05
5.281431973016113569e-05
5.197541861834098330e-05
5.176646824341551615e-05
5.049191074274609920e-05
4.967214028607175536e-05
4.905188515283984748e-05
4.744089138337618920e-05
4.702758050407360521e-05
4.547176061907176755e-05
4.471438393849214984e-05
4.426334515732828246e-05
4.351225976677873167e-05
4.221815185149992226e-05
4.151404518475336860e-05
4.071468847588427086e-05
3.976573236736696988e-05
3.877880823378992699e-05
3.769192000056741597e-05
3.690862062750974496e-05
3.645589367014658109e-05
3.562682652898447640e-05
3.542279981945785708e-05
3.516486926282849044e-05
3.474132272164327779e-05
3.407246837092050683e-05
3.307064009019743930e-05
3.216943961432761686e-05
3.161653094543309678e-05
3.153069437301234736e-05
3.075912110778038119e-05
2.987789395599015446e-05
2.952239925788276650e-05
2.910483535289954212e-05
2.854657248135282396e-05
2.782168253339711701e-05
2.757720289885173581e-05
2.669553380722751725e-05
2.602552055483869128e-05
2.586414806044322407e-05
2.532425636017390352e-05
2.480874486695132904e-05
2.454230750263753285e-05
2.434661871327143635e-05
2.407738624585412774e-05
2.316566546061205970e-05
2.261162958998911863e-05
2.224412859416453821e-05
2.200033413577205945e-05
2.133166781235883107e-05
2.103630321175571134e-05
2.090227594658928290e-05
2.075923141242136272e-05
2.050981973103614906e-05
2.010251602098718588e-05
1.968835699005526920e-05
1.933171729329035175e-05
1.913128092505239942e-05
1.905041475530068655e-05
1.898661961390293493e-05
1.869413563386707741e-05
1.803134945975851504e-05
1.751419027477476922e-05
1.736274303442165707e-05
1.713851134213217119e-05
1.675013118000004655e-05
1.651769642059132512e-05
1.643725386006154125e-05
1.598849200925399344e-05
1.557870183586439417e-05
1.550270294579406355e-05
1.495480489959577379e-05
1.450876836937577922e-05
1.434577143263919442e-05
1.406887692294960612e-05
1.392064517505599083e-05
1.381580271545935670e-05
1.368451047930843987e-05
1.320977992907943948e-05
1.318612193976210933e-05
1.299017755819954049e-05
1.276164932522644242e-05
1.249652000898109313e-05
1.245172406328349884e-05
1.219940294248408305e-05
1.205660995079216956e-05
1.168309378549046321e-05
1.153299549296819223e-05
1.119861103656950052e-05
1.110237505765682856e-05
1.100719318501660311e-05
1.067998772222888054e-05
1.050011209589761352e-05
1.042382278948432457e-05
1.029632306361311242e-05
9.874244972564225929e-06
9.704978927549379368e-06
9.626517886831339067e-06
9.484345564548755044e-06
9.391235493414686023e-06
9.268609307302659760e-06
9.130587765153350089e-06
8.841499784080081913e-06
8.577793197631845127e-06
8.535212023908628470e-06
8.441466759551879870e-06
8.309216564961862184e-06
8.109210890676363132e-06
8.022462638849722330e-06
7.970838196137055911e-06
7.842059343423938571e-06
7.801840710616236025e-06
7.592631272857508087e-06
7.382554575739910723e-06
7.297768815713432018e-06
7.224632745848761662e-06
7.203605027444859661e-06
7.108013992852732104e-06
7.022696199438285329e-06
6.868536708716541735e-06
6.821586528782457999e-06
6.727851115059363679e-06
6.658489978370696910e-06
6.545214272135194639e-06
6.370387408559690662e-06
6.278020408285193652e-06
6.124937513175503986e-06
6.065478287855020787e-06
5.956883424081817977e-06
5.793788976304284879e-06
5.733556303740592279e-06
5.691814764924487394e-06
5.656595644568072866e-06
5.525897893030243083e-06
5.472093229521612616e-06
5.368436691367063774e-06
5.312474208322634845e-06
5.263323305788076293e-06
5.129539951398651345e-06
5.063344571172300352e-06
5.021528329307962406e-06
4.897758099943548623e-06
4.756089313564796239e-06
4.735640483186794929e-06
4.684292917741251045e-06
4.597327437438180639e-06
4.556008458897854140e-06
4.497251558296617333e-06
4.423159707759710533e-06
4.319472297079932474e-06
4.129159136335410853e-06
4.065904088917189204e-06
3.986108918067645953e-06
3.932867124318078482e-06
3.855601931531200935e-06
3.831214668554737235e-06
3.714097720559539304e-06
3.677305318821582096e-06
3.670829633129566283e-06
3.612187868411427563e-06
3.568913221992537363e-06
3.554938819086774653e-06
3.426533652536755280e-06
3.328000625067745046e-06
3.269948255981808222e-06
3.256754219181551713e-06
3.196068664161411474e-06
3.186292393528313644e-06
3.175166396675293813e-06
3.137828118057266610e-06
3.108898730679108928e-06
3.032017329411065950e-06
3.006721662751055181e-06
2.974578789499050953e-06
2.923828743990836315e-06
2.894762774512933579e-06
2.885341223980999960e-06
2.854606880509596754e-06
2.808339423875940737e-06
2.752147673857651260e-06
2.735243340083883121e-06
2.705631404204179382e-06
2.648184926279786909e-06
2.604160183263117731e-06
2.561237318357005530e-06
2.514648149856407157e-06
2.472998847690392020e-06
2.398454413129945555e-06
2.374353811989008305e-06
2.360540343546504400e-06
2.319447401711086359e-06
2.304668621280522625e-06
2.222549437483163239e-06
2.192038614694717823e-06
2.161456613886259495e-06
2.141564234267279156e-06
2.115070041791107110e-06
2.078930710704257421e-06
2.055316808735709550e-06
2.048544448707681880e-06
2.010987813967387479e-06
1.976887618729240156e-06
1.937532833800846430e-06
1.886502704427207764e-06
1.871981538372809248e-06
1.854916452411859590e-06
1.823354789386065746e-06
1.761593561497523688e-06
1.729538318894001772e-06
1.713721175218789295e-06
1.677258149992897878e-06
1.635639188051295806e-06
1.599843676863126313e-06
1.596313479750558594e-06
1.573627763175181741e-06
1.565536913639564562e-06
1.546522306675646797e-06
1.527173768273495391e-06
1.512569839170613713e-06
1.491269645555875663e-06
1.469141233238362070e-06
1.413520639434264378e-06
1.384726463271977640e-06
1.362429250034390051e-06
1.356508738219583117e-06
1.353025127730624566e-06
1.317699013161811053e-06
1.307562957370275976e-06
1.291723935708643390e-06
1.275195969826067796e-06
1.245558681668798498e-06
1.232496875439204422e-06
1.226061309853670237e-06
1.214522521840288909e-06
1.187578108293520279e-06
1.157784138937611273e-06
1.148140084261236816e-06
1.129192332240639576e-06
1.122412458871776605e-06
1.105874403645107571e-06
1.093328891707757078e-06
1.077904909423253474e-06
1.062052237135167849e-06
1.050699439161643250e-06
1.036046826598383610e-06
1.009407574919882623e-06
1.002108430231388424e-06
9.873852625543565622e-07
9.790657347084938017e-07
9.682301284847890598e-07
9.604144892942557388e-07
9.586921238963956341e-07
9.382848535221499499e-07
9.339713858704312129e-07
9.212445911913029605e-07
9.106264744313752617e-07
9.027100348307615823e-07
8.751763463202174827e-07
8.580537546859798458e-07
8.494388098420414175e-07
8.385033339421310481e-07
8.219029696426768168e-07
8.208816541140998846e-07
8.065540265610113339e-07
7.888791799928282222e-07
7.822999996207814541e-07
7.651579930556996982e-07
7.533598769451393647e-07
7.403856790786287683e-07
7.301973528912003588e-07
7.268458980715362962e-07
7.167202055431093507e-07
7.076414619353532396e-07
7.025633147509660340e-07
6.945559501076179378e-07
6.805140237063488535e-07
6.792240170727375547e-07
6.706494608544447369e-07
6.693760627755061876e-07
6.536307701782195415e-07
6.440378828273171785e-07
6.406019431752979281e-07
6.313386527149391330e-07
6.250524981661806752e-07
6.160562376998260131e-07
6.035801433097388771e-07
5.956821309354161188e-07
5.874176685463271582e-07
5.769589554933366787e-07
5.667683650620939046e-07
5.616215550917841710e-07
5.554457326781017452e-07
5.505247460766193642e-07
5.465376365509666855e-07
5.389103091910112852e-07
5.323825472720608231e-07
5.222054213073223220e-07
5.199902225213024015e-07
5.092488379406926100e-07
4.988783188339067069e-07
4.935012571943298182e-07
4.911634002925906545e-07
4.881422744792727011e-07
4.831221532653485049e-07
4.708559222531290194e-07
4.646603184888348587e-07
4.518450795279130222e-07
4.476407498672871138e-07
4.432333555831153478e-07
4.325233954133852628e-07
4.303612468024593906e-07
4.284368453927537528e-07
4.218882266472963826e-07
4.147264531453606008e-07
4.097646614702567092e-07
4.059260651191771673e-07
4.020219656998344272e-07
3.959441166274756933e-07
3.946262185147919758e-07
3.863866020963455142e-07
3.824395566400762286e-07
3.790306832065008250e-07
3.712822866370073767e-07
3.661257446128158205e-07
3.602326088031823439e-07
3.534520742730649839e-07
3.470426809460281727e-07
3.430633006645122852e-07
3.372948534332575642e-07
3.369508270275204101e-07
3.338139151388487740e-07
3.285866596747878544e-07
3.263097555593865137e-07
3.225896094383391696e-07
3.190625029100855734e-07
3.153493709193462336e-07
3.075825394494711554e-07
3.044464238083190395e-07
2.983325219676792760e-07
2.937858401718358631e-07
2.924125275298073202e-07
2.871552158098797977e-07
2.848858988010791348e-07
2.817326578894161189e-07
2.789148431535366788e-07
2.768083953976608489e-07
2.715499425139147094e-07
2.695058610939305044e-07
2.606101145566010121e-07
2.578612604653293804e-07
2.548451166720791396e-07
2.526669368698992383e-07
2.459520816028780101e-07
2.443439693603820532e-07
2.422800390213488356e-07
2.406191302104243326e-07
2.350390542325980020e-07
2.327172962342864217e-07
2.268087512942882829e-07
2.244792353295490870e-07
2.219581485897675102e-07
2.155608092972337103e-07
2.121266001498889477e-07
2.113019924270583610e-07
2.083557496324849073e-07
2.053067468463420911e-07
2.029626343959813233e-07
1.982036708126512578e-07
1.960107612150105528e-07
1.951683258245728152e-07
1.890500399970333216e-07
1.859398857881973927e-07
1.840181392026792100e-07
1.825807580612724389e-07
1.772901720239925357e-07
1.736620345695102265e-07
1.715011227084618916e-07
1.709761148908416751e-07
1.689960745968964057e-07
1.669677314147012101e-07
1.624591037273428926e-07
1.610420272714529755e-07
1.595488668476697954e-07
1.585730946125257051e-07
1.578966261182410291e-07
1.552817692325008920e-07
1.544073613736333271e-07
1.539634665308357962e-07
1.530950135592830995e-07
1.499142676213445826e-07
1.482729201265295116e-07
1.462544117113940567e-07
1.442523363526833581e-07
1.420697585632168731e-07
1.374681336186969289e-07
1.351884575683472187e-07
1.341735774980052873e-07
1.320608444171572914e-07
1.302471507445906151e-07
1.283167261014782351e-07
1.272203663690533151e-07
1.261197997080664513e-07
1.234588561986631085e-07
1.220034050293400011e-07
1.214408917554053273e-07
1.205773086103760055e-07
1.180186047720129322e-07
1.157009640520798472e-07
1.145533254220464690e-07
1.143992452564359884e-07
1.123551256176165015e-07
1.109623261970095826e-07
1.105178272460047766e-07
1.090038204529493300e-07
1.080313904917953974e-07
1.057206711030029339e-07
1.030694785458023504e-07
1.023331915892516900e-07
1.022380875859755301e-07
1.016267808285296284e-07
9.965084125706854614e-08
9.853766153114208773e-08
9.672640056411168455e-08
9.655299143640020030e-08
9.582895202368795327e-08
9.450279649596648095e-08
9.378414827181801661e-08
9.157307451288511920e-08
9.145278101608643092e-08
9.064942159796069738e-08
8.941661953044145956e-08
8.884455695590589358e-08
8.792862950862327063e-08
8.681593519025888999e-08
8.598293665571285032e-08
8.356593308141391223e-08
8.112349558217740477e-08
7.989565424442693946e-08
7.931402721795618537e-08
7.756076710023269486e-08
7.626219847900183186e-08
7.601746726607313764e-08
7.408625877931736348e-08
7.357238186629152277e-08
7.272257012946239238e-08
7.199264457208028930e-08
7.118297980745465729e-08
6.927564699979059200e-08
6.903424963130555170e-08
6.792949763525070427e-08
6.750016259524732904e-08
6.715234600617078308e-08
6.483087544870715722e-08
6.474702401308570453e-08
6.382107210970853715e-08
6.323847684056782906e-08
6.130160130369201370e-08
5.984986988614508850e-08
5.865931616963150732e-08
5.701501557200063409e-08
5.630181821918557596e-08
5.600790169943231364e-08
5.571681801960778383e-08
5.466383666441300745e-08
5.436376670167774698e-08
5.386481731858438188e-08
5.271897913416991333e-08
5.225988671526665852e-08
5.121120931016131494e-08
5.095696044608073463e-08
5.056664149013976421e-08
4.944653013325546321e-08
4.934429139303604443e-08
4.843896869050544502e-08
4.744824665129049024e-08
4.662244842421507337e-08
4.652411690721969800e-08
4.558649811282018478e-08
4.515750479818191069e-08
4.453156885151848890e-08
4.430427037443124942e-08
4.378559160064061629e-08
4.364542799038036809e-08
4.347107767231419135e-08
4.298315974168941461e-08
4.210492424491545511e-08
4.187679425159259380e-08
4.125613984576340727e-08
4.086134286034565249e-08
4.023670516258480465e-08
3.908981116172905364e-08
3.851828508994764237e-08
3.800372286770768950e-08
3.763381117186052397e-08
3.744734516171856625e-08
3.691967944111777457e-08
3.601600168443216830e-08
3.587391417074042137e-08
3.489515785281662342e-08
3.440193897546466136e-08
3.385583735716887905e-08
3.360929180751869169e-08
3.314498006939352848e-08
3.278610228552615685e-08
3.256078521762481065e-08
3.199629699342029057e-08
3.184673204118455623e-08
3.123885177897311027e-08
3.085956428974231004e-08
3.039890962412518321e-08
2.992200223774148417e-08
2.957694068071546527e-08
2.943557062701188576e-08
2.866246829291761099e-08
2.832671063421989602e-08
2.816441034272399779e-08
2.810408712828919747e-08
2.749112636559234549e-08
2.725283230192767533e-08
2.699837635406694066e-08
2.675570366244637541e-08
2.656498054407011050e-08
2.626963762188892941e-08
2.607973457438390458e-08
2.554232992260950532e-08
2.507855449883475170e-08
2.473590382123269041e-08
2.356345845050807289e-08
2.347823464206249699e-08
2.329219635438369985e-08
2.312043407454366122e-08
2.275884541938084095e-08
2.242589880123578064e-08
2.199355436680687174e-08
2.163241971064865786e-08
2.121067809012003443e-08
2.102454702948448155e-08
2.096107506224180967e-08
2.068047542452931966e-08
2.024763397822557832e-08
2.018175389912545598e-08
1.998168016137030523e-08
1.967184700262898506e-08
1.940561266532468714e-08
1.919839347144079422e-08
1.870799503700199859e-08
1.850464060802231904e-08
1.845070850791898941e-08
1.792627455941293008e-08
1.764653631557198792e-08
1.741651457269490083e-08
1.689294628754367133e-08
1.677893523822839694e-08
1.644814738010162454e-08
1.624436852740695513e-08
1.620086820819719605e-08
1.602741255149580079e-08
1.575382821689803745e-08
1.558343371751430763e-08
1.551505934179009530e-08
1.506106161178391718e-08
1.479679784959991689e-08
1.473550119303826124e-08
1.466327910152873397e-08
1.431781107815867037e-08
1.417459414988126653e-08
1.414458803252268329e-08
1.406532826336106144e-08
1.386431222068509501e-08
1.374507382381265249e-08
1.365565536190740072e-08
1.335774058553641076e-08
1.298953302840008915e-08
1.279740694043049496e-08
1.271673364228748637e-08
1.229796314503708441e-08
1.197414767988618456e-08
1.194656081167089640e-08
1.172897038574979315e-08
1.155738099517710148e-08
1.147069265761427636e-08
1.138734955829021858e-08
1.124714847503839805e-08
1.072287662839467174e-08
1.061869809027503313e-08
1.048728436079889784e-08
1.037847777156791849e-08
1.033461275458280331e-08
1.015074527611490098e-08
9.929322960866906941e-09
9.834531864061364543e-09
9.787325495808836066e-09
9.588015904097991390e-09
9.410418669341257687e-09
9.330576670194669208e-09
9.246053146662106308e-09
8.979688947898814950e-09
8.884947662466245955e-09
8.654742659616691222e-09
8.600299112692239766e-09
8.580812581862068945e-09
8.455920006101772954e-09
8.268491409448824046e-09
8.153277897583177959e-09
8.062556993210622503e-09
7.927190278594203456e-09
7.706968379190110080e-09
7.543093441760706331e-09
7.511711783000993865e-09
7.401750447596785284e-09
7.268887638233470130e-09
7.196931949324055801e-09
7.082355208618933353e-09
6.833011062180734226e-09
6.770823898198496574e-09
6.703864519908430612e-09
6.593761726889693198e-09
6.474768812741827287e-09
6.381144020088412652e-09
6.202284245295580169e-09
6.193831974770557998e-09
6.079698001956202934e-09
5.935810270485470401e-09
5.842986854066592495e-09
5.744193705970974025e-09
5.601659991876957623e-09
5.517802660721045866e-09
5.381454011834093653e-09
5.339027536105319057e-09
5.287421469080452740e-09
5.234365985529949174e-09
5.165330584335884819e-09
5.130997059676217000e-09
5.098242230884317465e-09
4.926801600216481106e-09
4.887620753972938922e-09
4.880037969591733312e-09
4.736741838589768983e-09
4.722181223013877622e-09
4.683300517463450640e-09
4.538925112386159737e-09
4.511557794252019326e-09
4.475973601097177857e-09
4.364853589374567440e-09
4.302260845937902801e-09
4.150472855103560572e-09
4.140614557003615035e-09
4.067969925447992274e-09
4.015045093848814679e-09
3.993033623859555471e-09
3.987356499659929395e-09
3.903209069676290726e-09
3.834589475437241394e-09
3.820989854000676413e-09
3.710910726558989144e-09
3.690352108720191813e-09
3.648434695023322680e-09
3.552504309843348385e-09
3.539165733333257966e-09
3.422481922020087372e-09
3.398478110052078145e-09
3.377272767822958231e-09
3.314606046852846577e-09
3.293605459480898881e-09
3.282462665646571968e-09
3.136142102287897342e-09
3.112305822573094157e-09
3.075567977819058551e-09
2.960290121422853263e-09
2.934866099552744494e-09
2.904935107577080072e-09
2.875751711389925323e-09
2.872695793566939987e-09
2.787562417938169878e-09
2.770487867761383569e-09
2.747866429890535843e-09
2.676492303151235158e-09
2.612285155552908520e-09
2.571546507374792028e-09
2.517779332918092691e-09
2.485070856420007893e-09
2.460886904505305394e-09
2.439144598837089249e-09
2.398979334676960697e-09
2.358115828048228007e-09
2.297267920448246390e-09
2.235164021958573938e-09
2.195206933814964518e-09
2.168534283878093816e-09
2.135633266015350102e-09
2.111511356176074868e-09
2.099348512880428568e-09
2.060899721219708192e-09
2.014776659688351386e-09
1.994992342553138906e-09
1.956041483303584186e-09
1.953043664734708494e-09
1.880909002256004388e-09
1.851057345085663938e-09
1.808742494550577833e-09
1.721009394122956246e-09
1.687247855303039064e-09
1.669901672592230378e-09
1.658400109740406999e-09
1.617748032796481793e-09
1.605228260816858176e-09
1.547054003261718927e-09
1.528699991707254526e-09
1.493234150858906816e-09
1.468327654946239497e-09
1.461545590533779633e-09
1.416821685726038999e-09
1.391698629333056018e-09
1.372375030716809240e-09
1.346100745746933179e-09
1.342532439685474940e-09
1.333049787860334348e-09
1.313295367340479765e-09
1.297349856364524942e-09
1.259300815453253612e-09
1.234494472817527302e-09
1.212191483552250321e-09
1.167012045345325568e-09
1.146765400464163243e-09
1.126205768611397800e-09
1.107767338600479195e-09
1.093338574540353550e-09
1.060526230584289588e-09
1.024568923528252934e-09
9.969973964904169716e-10
9.871728327990090073e-10
9.754228349410634251e-10
9.550874699789957721e-10
9.194532649518311335e-10
9.069745542860952027e-10
8.994983295222456566e-10
8.474934429504004824e-10
8.319179218811459177e-10
8.134490007131511905e-10
7.963171722390187934e-10
7.874847374341939716e-10
7.770532750101714569e-10
7.524330467440203396e-10
7.175257584715558633e-10
7.040709031518139467e-10
6.938762175031347462e-10
6.674442015132244820e-10
6.523109649630125692e-10
6.472893859469279264e-10
6.393408507907625890e-10
6.224804470370658711e-10
6.122306622378429601e-10
5.921062837221124843e-10
5.871506319835365073e-10
5.788355184686448102e-10
5.667046495311682469e-10
5.594080867416151150e-10
5.308808237433056324e-10
5.176029638507599510e-10
4.983566651436235305e-10
4.921305419922720139e-10
4.794255338011742016e-10
4.485160860750404245e-10
4.470970306205558495e-10
4.345144299637987689e-10
4.270891783431667330e-10
4.163993576173032698e-10
4.042373633166749316e-10
3.947579124758524742e-10
3.733616336499948511e-10
3.658474327496793203e-10
3.579317911834840452e-10
3.499525832313145593e-10
3.382875610092172831e-10
3.269941925281264543e-10
3.160679838118914255e-10
3.127605681664689408e-10
3.014186731285694914e-10
2.880594567999349709e-10
2.652472774918847996e-10
2.642601789074309483e-10
2.542912779435139388e-10
2.516745759988905184e-10
2.300842967361264774e-10
2.186126681915496948e-10
2.093282639975798202e-10
2.048302861956304918e-10
1.952666847780092876e-10
1.915060078221505742e-10
1.812230859549018867e-10
1.696839650092395916e-10
1.607750039823911836e-10
1.588754054691014943e-10
1.547785297824765458e-10
1.453418178691891038e-10
1.347841291621678780e-10
1.303970045215764986e-10
1.221677681552428346e-10
1.215969170670924090e-10
1.179171639874145854e-10
1.127541188964537422e-10
1.073705464355741740e-10
9.895668652964538745e-11
9.716237444444545256e-11
9.376827574091947412e-11
8.930559119243142748e-11
8.304336326784622737e-11
7.691665489772957887e-11
7.373922528748284198e-11
6.667485628644153029e-11
5.603062251791969832e-11
5.385316550080113923e-11
5.217779675888450524e-11
4.313212031747787071e-11
4.143074505030862370e-11
3.685808945474520862e-11
3.237315519723772023e-11
2.713696689205402212e-11
2.688435797162187637e-11
2.342241314524386047e-11
2.238472070617874429e-11
2.004754116714040557e-11
1.698652397853353309e-11
1.473838688162733793e-11
1.415423722367748046e-11
1.025255835372584155e-11
9.895827296668569976e-12
7.379191062956123052e-12
5.782099075664668744e-12
4.527695379020869563e-12
1.852993004251255862e-12
1.759650480393074969e-12
9.318565577047295963e-14
