2.460138866066990254e-02
9.948059139635220469e-03
6.287780933122399420e-03
5.044502942469196623e-03
3.779398801362582414e-03
3.396837843376262264e-03
2.771835833020615866e-03
2.517293516837500189e-03
2.079618593577630715e-03
2.039599153871973335e-03
1.932067707085473058e-03
1.663005343225774143e-03
1.410741266547628015e-03
1.374217356431598706e-03
1.327837465929733929e-03
1.288939001165849548e-03
1.158189955012635603e-03
1.084047451260757586e-03
9.315875769036823743e-04
8.845196966794905248e-04
8.492068837139790834e-04
8.011708489360769552e-04
7.375596619232828314e-04
6.785461935825925876e-04
6.590352680089501917e-04
6.191339657298346524e-04
6.045751098629981385e-04
5.974029387914207108e-04
5.353178079738257550e-04
5.131405410691289911e-04
4.892814631133361389e-04
4.744796849914725422e-04
4.205101201196095959e-04
4.193732284326795760e-04
4.039309024467937158e-04
3.921327990801352914e-04
3.783886355692204725e-04
3.709197106087794922e-04
3.500209213870009162e-04
3.328193625565736705e-04
3.232557523524145745e-04
3.010802019234711186e-04
2.847709660568609170e-04
2.723468332380577861e-04
2.667277680275666435e-04
2.594294024005870127e-04
2.464550611068218300e-04
2.387128399537274492e-04
2.262250657904389434e-04
2.171895273606027070e-04
2.156361646059549043e-04
2.096977077038125802e-04
1.988492401973242089e-04
1.906555198771854327e-04
1.867619516865858973e-04
1.842110330564287308e-04
1.770799688411732659e-04
1.628007888083344331e-04
1.592494167339361568e-04
1.555205468908324809e-04
1.520244442919573165e-04
1.484926044387575774e-04
1.390732812635635479e-04
1.358176605083672567e-04
1.324641007355156297e-04
1.276608334173253399e-04
1.252815872545688213e-04
1.207296586706779659e-04
1.194185444304014917e-04
1.159137037312883575e-04
1.114233636947950989e-04
1.034101739917500450e-04
1.024967433611787942e-04
9.977274867747061115e-05
9.678778954982509002e-05
9.425331663911768344e-05
9.135839645836211316e-05
8.912789468117014832e-05
8.686079016893133572e-05
8.443637052585505000e-05
8.333455680447500295e-05
7.984561073629353419e-05
7.496936070465590228e-05
7.443570197913350090e-05
7.209494482591626702e-05
6.927903354078315942e-05
6.681006019969271646e-05
6.549083166495048736e-05
6.437401809222905358e-05
6.224879332549487353e-05
6.115684501542726866e-05
6.035175073170652172e-05
5.746441936546708675e-05
5.684621569257296465e-05
5.642600941304117934e-05
5.485138653517338306e-05
5.323873951919465470e-05
5.206551525168242922e-05
5.090192562573546235e-05
4.919925331830765625e-05
4.805979262446155050e-05
4.707028190812211906e-05
4.600592648491943414e-05
4.474734090644553265e-05
4.271623623131302362e-05
4.225640355684294155e-05
4.136574654997572984e-05
4.007504102012970801e-05
3.953672159056892258e-05
3.860525156240225740e-05
3.737640931674818891e-05
3.668990960735529880e-05
3.654683404917237016e-05
3.589129311968692834e-05
3.455284042411068589e-05
3.409900226693221348e-05
3.300978312504204330e-05
3.192966553848974892e-05
3.175338365333446264e-05
3.020566200548053073e-05
2.958948332513476438e-05
2.829256443787623909e-05
2.806668235227984155e-05
2.744659953592505362e-05
2.601043156484767052e-05
2.536622087488388103e-05
2.475500793925046621e-05
2.411627634517540176e-05
2.391242471887147244e-05
2.350461043255494800e-05
2.262428136866777084e-05
2.218568930852207109e-05
2.175740870266077025e-05
2.135577285267556546e-05
2.070521986066630664e-05
2.025249756987516252e-05
1.967011194995851601e-05
1.930455388803143532e-05
1.883865760105820004e-05
1.837044495501543128e-05
1.831553361127375202e-05
1.814080155389371298e-05
1.784974528029326430e-05
1.768832248194618687e-05
1.721927748838182308e-05
1.690987571408647473e-05
1.605831296050643555e-05
1.589211889867040922e-05
1.541946428479740186e-05
1.511185054548258745e-05
1.495725326001457595e-05
1.474672524315096750e-05
1.421169628512329475e-05
1.406259401728888106e-05
1.354573363693447830e-05
1.336213017669332497e-05
1.321615784856413175e-05
1.306365853405156451e-05
1.259498666970940061e-05
1.244877478618327670e-05
1.215139825003158124e-05
1.202338571652775172e-05
1.184712279390117659e-05
1.138865174429177509e-05
1.111010331426115179e-05
1.087155700899612528e-05
1.065380337468735805e-05
1.059338208852121443e-05
1.026821508459718902e-05
1.024260150170325782e-05
9.832259061976811432e-06
9.552717885115818636e-06
9.262981827134951317e-06
9.210083383299170017e-06
8.931088761222238703e-06
8.663362422617021348e-06
8.599261582004529678e-06
8.487213702501209483e-06
8.246636713296748292e-06
7.993762764088742419e-06
7.857416793250701184e-06
7.731877934123687388e-06
7.510768684227402570e-06
7.422084380034190630e-06
7.179197088720650803e-06
6.945936597828112292e-06
6.849407983420396708e-06
6.794640769824102181e-06
6.603987921165691840e-06
6.456443164087417200e-06
6.408643500429179493e-06
6.344162449236077204e-06
6.271383375166199874e-06
6.076889398237168460e-06
6.031983379874299753e-06
5.683782241535011382e-06
5.645286785948329405e-06
5.548831589731389502e-06
5.468532486135439434e-06
5.433009910974185365e-06
5.313856894955831551e-06
5.136153504006762660e-06
5.107120902718192881e-06
4.981518513875515489e-06
4.835654050291952881e-06
4.728039873565341546e-06
4.667229466865374519e-06
4.605634137498440833e-06
4.569529044536443696e-06
4.430198137237646816e-06
4.392748716392035222e-06
4.375138464036538064e-06
4.225648015966720439e-06
4.118378871046049307e-06
4.050315373004660976e-06
3.975635882235630200e-06
3.848371364244248899e-06
3.782224367321110992e-06
3.705306572625585537e-06
3.642131945197960048e-06
3.624167922295474592e-06
3.550528798402815198e-06
3.413516295186188790e-06
3.365486522312636293e-06
3.318990120585963478e-06
3.228280300291234679e-06
3.169559059982114733e-06
3.063640713698956734e-06
2.994807867653019157e-06
2.921621267523023227e-06
2.823087735039674387e-06
2.804506745041182539e-06
2.795977669834177728e-06
2.741281589009478656e-06
2.639323759022958169e-06
2.625617363737364513e-06
2.561578801842208073e-06
2.503973133094701173e-06
2.492851418914794783e-06
2.444540548344855251e-06
2.392399622163944776e-06
2.313447726047564145e-06
2.296547233645107574e-06
2.292408535928899109e-06
2.211677932517446847e-06
2.190179549663610127e-06
2.148070209399281651e-06
2.113261648241958728e-06
2.087537285292997129e-06
2.075078956157718959e-06
1.978324649405274903e-06
1.958218843716511106e-06
1.933360483533294803e-06
1.918560354058477152e-06
1.858100615900640448e-06
1.849640180863427166e-06
1.823479998131685949e-06
1.800004670701193274e-06
1.742922616170823205e-06
1.730847999964956197e-06
1.711773629070552779e-06
1.681481637956337998e-06
1.641485477499390529e-06
1.633579510521522967e-06
1.597045085762341387e-06
1.583236859057940146e-06
1.563688820523800148e-06
1.531756042844477543e-06
1.526892407501504947e-06
1.514314662607905047e-06
1.474195764517381374e-06
1.464101404483721562e-06
1.401861472763118532e-06
1.382956586940541991e-06
1.348364629283991931e-06
1.330126333751707964e-06
1.282486477499812301e-06
1.261773578207850249e-06
1.248162659482877957e-06
1.214210627031501224e-06
1.204876374595561096e-06
1.194632170035416970e-06
1.164789972112924838e-06
1.144331997813910063e-06
1.103380996683183937e-06
1.084609228934366466e-06
1.063731097425890620e-06
1.059411236482972540e-06
1.023850593406429152e-06
1.019510493971308553e-06
9.915580438806450289e-07
9.727788174672082889e-07
9.661195832612602659e-07
9.398196690430702204e-07
9.357546605470370265e-07
9.137774307776812928e-07
9.047227915354034682e-07
8.782720749015201895e-07
8.705541066541659161e-07
8.518478281218697277e-07
8.408844973672757661e-07
8.083970348937869426e-07
8.004509854321668743e-07
7.779365278747800967e-07
7.650012861314106907e-07
7.561022287344993094e-07
7.422481519385633627e-07
7.333550147559060880e-07
7.107836654516361374e-07
7.091415571455752042e-07
7.015487644758041832e-07
6.788032288698357361e-07
6.635647517874976713e-07
6.548892981952402516e-07
6.405636688849441083e-07
6.354939220278981627e-07
6.253392457312692992e-07
6.129591576783566757e-07
6.044224632720989014e-07
6.005003246409413819e-07
5.867089462183540615e-07
5.799122941259629771e-07
5.589026545811776286e-07
5.516448876069299451e-07
5.389671235504314510e-07
5.321048418519525590e-07
5.305898424093458749e-07
4.997369154031112707e-07
4.965028226676295677e-07
4.863054324067088168e-07
4.771514465234711380e-07
4.699946438174867932e-07
4.647265044832478907e-07
4.554976029032020899e-07
4.496004055018303235e-07
4.449780400919470564e-07
4.318901309250540320e-07
4.304717423983276547e-07
4.216399131352914485e-07
4.142682730066212551e-07
4.082778005909569017e-07
4.022241455654634318e-07
3.985337090018416253e-07
3.934268967418633377e-07
3.915932580467908288e-07
3.871660381661883602e-07
3.860974834658072121e-07
3.714520871713152800e-07
3.708980535729734757e-07
3.643565833250035318e-07
3.572050519168653621e-07
3.534773973316915312e-07
3.461287645045767387e-07
3.420440416623049664e-07
3.388127618388296559e-07
3.326595014213236165e-07
3.308394627847110924e-07
3.209300771202620196e-07
3.156147385735366892e-07
3.134891355542730776e-07
3.104763251785890301e-07
3.050223204591416332e-07
2.931354432774630884e-07
2.881886436785027087e-07
2.868862146911154378e-07
2.781740388466037055e-07
2.741153555831878558e-07
2.721421399546920828e-07
2.693625947704110989e-07
2.606200132758375047e-07
2.588733220452177105e-07
2.554841348505153872e-07
2.545888228836302965e-07
2.485588747181905956e-07
2.376847079161820665e-07
2.332753692103000344e-07
2.312154912132526979e-07
2.260649051289621220e-07
2.241486029434152545e-07
2.152526328826617375e-07
2.119508004458441883e-07
2.103301813073545336e-07
2.060799397478277008e-07
2.044630310568583596e-07
1.993534750306740286e-07
1.967385820178223059e-07
1.947750907893970711e-07
1.914006768063372464e-07
1.899747414762560724e-07
1.819050308357144062e-07
1.809318950362520156e-07
1.788596544729923203e-07
1.746844224831878535e-07
1.730592969819396761e-07
1.703994896442032481e-07
1.686177361407024727e-07
1.677137128828081544e-07
1.620393400418953102e-07
1.608539371659029985e-07
1.601864466705039017e-07
1.561465558216387165e-07
1.523843708790524755e-07
1.512453432928796696e-07
1.463812533183081625e-07
1.450321252833478483e-07
1.399255011150166400e-07
1.366948358900702987e-07
1.354348701633549358e-07
1.337008302884847900e-07
1.282863217207185381e-07
1.272652556162813402e-07
1.260020829009671070e-07
1.246366812300900023e-07
1.234567256788556408e-07
1.230046529189216826e-07
1.216115065092334273e-07
1.193838051240808898e-07
1.176139756286938192e-07
1.169388096778034616e-07
1.165582062076178836e-07
1.121689177053542660e-07
1.113528135082265988e-07
1.103197342093464552e-07
1.096449004252231074e-07
1.080845530209989769e-07
1.074493293903149928e-07
1.063714527857047760e-07
1.016260883104557081e-07
1.008312566471451099e-07
1.000045586005737947e-07
9.666174791246967458e-08
9.595371993942227178e-08
9.498918115443762392e-08
9.430498172703841551e-08
9.304959069260778760e-08
9.221832599978823217e-08
9.015959788271010925e-08
8.804286604538956406e-08
8.679095184877653183e-08
8.536040752786972711e-08
8.435042230389466234e-08
8.333417888170729391e-08
8.205799715704716943e-08
7.965248384320460575e-08
7.921285808884639464e-08
7.798279989274377145e-08
7.626886764375973082e-08
7.548246477484589066e-08
7.523379782252639352e-08
7.261256586466151615e-08
7.197457308459208906e-08
7.108317109422982157e-08
7.087400969664981397e-08
7.057033464147130889e-08
6.864409322528386635e-08
6.841178147401605227e-08
6.674255967593281390e-08
6.469761005754949909e-08
6.379307339120396100e-08
6.225075732355079464e-08
6.128368397951828002e-08
5.978563098004121870e-08
5.876381955423580054e-08
5.741175520966449330e-08
5.721931692400825667e-08
5.666543822297923846e-08
5.619625607680922357e-08
5.572570031936828938e-08
5.409245849781044744e-08
5.377837364669429944e-08
5.288339131629261765e-08
5.123189639151486581e-08
5.027991892950046997e-08
4.938981709473518778e-08
4.899687866773305211e-08
4.878725211425118508e-08
4.850316474503349149e-08
4.755887064418411481e-08
4.698841434255286566e-08
4.648085281465451421e-08
4.581981768873286614e-08
4.449111202345992127e-08
4.425266531007158582e-08
4.348028725298218395e-08
4.344699037626862047e-08
4.295723648538632890e-08
4.252472209449939885e-08
4.227665128599475193e-08
4.059201405639729488e-08
4.031557866678115273e-08
3.995853556830155702e-08
3.957241993891736395e-08
3.771282279442428456e-08
3.720835772220848383e-08
3.696455299400406577e-08
3.640218303678130666e-08
3.606847605170162251e-08
3.539331112126350773e-08
3.491573823339184439e-08
3.443459302477571000e-08
3.408772012806582031e-08
3.390660418875253739e-08
3.327940574826383976e-08
3.268864586016261149e-08
3.218238817151816436e-08
3.171380399385633009e-08
3.078730502189351630e-08
3.065502091724609431e-08
2.998048649187565604e-08
2.934557133501570100e-08
2.890070710712028415e-08
2.852592924606105352e-08
2.835239448423584307e-08
2.814787630213724306e-08
2.731865192959622571e-08
2.706665502392278724e-08
2.699461322278390280e-08
2.672501101878758082e-08
2.648346708582367078e-08
2.605769454220760315e-08
2.539834695482203029e-08
2.462223374339152963e-08
2.388352956677456645e-08
2.361610516237723332e-08
2.342896353743174665e-08
2.309128991487290548e-08
2.270036159978145978e-08
2.238236705317744249e-08
2.206406886995262656e-08
2.180877648220470152e-08
2.141881009855545688e-08
2.116279857416976763e-08
2.103650494277980039e-08
2.091979459494001254e-08
2.072810733548594390e-08
2.054505939709945023e-08
2.041346099643613891e-08
1.981453240639865456e-08
1.935277929895271534e-08
1.929180307096337646e-08
1.915782678148993750e-08
1.893475213351926676e-08
1.792016782241244700e-08
1.751532103694096775e-08
1.723727443280653454e-08
1.715674560104889580e-08
1.677070189270396031e-08
1.635174816039656981e-08
1.625679094982899856e-08
1.615288330728986661e-08
1.595541146653069424e-08
1.592379524499499739e-08
1.546707535505067763e-08
1.532908517752009483e-08
1.505297571895837718e-08
1.485415793129068176e-08
1.418966332541211194e-08
1.412101771615896520e-08
1.388095144862237430e-08
1.376096474043388232e-08
1.351467864063506135e-08
1.343940902632910773e-08
1.319039491148501185e-08
1.308028248020804722e-08
1.291029919224099511e-08
1.268580163405303879e-08
1.258893772339142804e-08
1.246607405703375352e-08
1.214436347529718025e-08
1.209419353135640311e-08
1.196445767405777215e-08
1.183019220511089831e-08
1.166523685935866103e-08
1.163780699831837431e-08
1.147967341526299539e-08
1.109667661837906765e-08
1.081378066322794692e-08
1.041844798826552311e-08
1.020536163791298348e-08
1.015251338391842972e-08
1.007342248205411241e-08
9.898811359007849715e-09
9.861888395239550819e-09
9.719527048504493154e-09
9.668753351278416287e-09
9.629806284617438641e-09
9.442964144400554606e-09
9.339744340173721316e-09
9.198462352430623930e-09
9.006549648420945688e-09
8.874622906750532265e-09
8.779382824687203723e-09
8.673599265689461498e-09
8.536265345934832975e-09
8.465249302025839857e-09
8.325520533857366632e-09
8.143155059652358476e-09
7.939571931445705567e-09
7.837264022615542205e-09
7.808323968522381507e-09
7.745547313249487847e-09
7.696660959340715037e-09
7.580002057542124172e-09
7.507216553169179759e-09
7.313266251146830044e-09
7.229137772194625465e-09
7.206421861977594076e-09
7.080374271103371484e-09
6.987201309184442380e-09
6.929525616314546914e-09
6.840273748691688080e-09
6.625345448417485072e-09
6.557236453656963521e-09
6.466644614702216528e-09
6.333234199556769075e-09
6.297700566944547569e-09
6.172995635823024628e-09
6.091325868644908483e-09
6.079867826843390343e-09
5.914300928410279987e-09
5.838884161293639678e-09
5.752418916044084843e-09
5.646063034424664676e-09
5.583520341760950099e-09
5.429005989618125220e-09
5.373341247081351899e-09
5.361101902292932468e-09
5.269672341207785585e-09
5.215746067256173225e-09
5.144471592448313548e-09
5.100828086106891430e-09
4.974782708578893714e-09
4.891192446327191415e-09
4.867368454323486778e-09
4.690563667751068789e-09
4.547165896243592576e-09
4.378207654574600365e-09
4.355744771661812101e-09
4.320286548623894386e-09
4.283279939735885636e-09
4.153844935825684202e-09
4.145057216409632247e-09
4.075386273436264246e-09
3.992614123307373814e-09
3.949270042509766609e-09
3.888785787784686068e-09
3.792221338143657538e-09
3.766285156020953725e-09
3.694095734249997425e-09
3.666793691676961049e-09
3.608956195173127270e-09
3.559020929651741852e-09
3.537930414155637493e-09
3.501025867029504943e-09
3.475734227683969946e-09
3.364739084199034046e-09
3.302364138859085493e-09
3.268698971720653812e-09
3.149120629431783677e-09
3.080973677406575177e-09
3.036966731056050549e-09
2.933682107919497488e-09
2.881696179921293380e-09
2.864580304341105210e-09
2.855418846291420608e-09
2.755909576775035004e-09
2.740455741543523482e-09
2.713802774749262875e-09
2.686297157080748803e-09
2.665285961805453829e-09
2.643558463041118442e-09
2.616506256575923472e-09
2.520763800590025719e-09
2.494556283633730905e-09
2.424546362843731332e-09
2.352909216070627532e-09
2.313686199484966050e-09
2.303336295184001537e-09
2.247603330327047486e-09
2.216691216598099562e-09
2.194829705518733428e-09
2.137021035788584249e-09
2.130793572634668501e-09
2.094829820894227652e-09
2.046889303073919722e-09
2.026170404406424177e-09
2.013184359283742089e-09
1.984465630865931590e-09
1.957189799528192597e-09
1.930589994654237395e-09
1.911948416823367326e-09
1.832435156253322101e-09
1.807791807882769615e-09
1.786708617438504932e-09
1.778707808242999844e-09
1.765390759349509835e-09
1.726237725035232233e-09
1.695267734031012735e-09
1.675001287049775625e-09
1.652757580658800515e-09
1.602741716796674215e-09
1.596328674339105644e-09
1.568846140722705618e-09
1.559214825670912053e-09
1.541768377213996928e-09
1.529816818772547823e-09
1.510474425380771110e-09
1.483654694304189387e-09
1.480040794340210256e-09
1.449636355624154060e-09
1.386900865467192504e-09
1.383060519510484046e-09
1.378761557145322390e-09
1.361693121127481008e-09
1.320170313611785852e-09
1.278395481102376547e-09
1.234300044198070173e-09
1.225862441645567733e-09
1.212048511666356117e-09
1.184389707162833191e-09
1.159478608603195751e-09
1.134301845947115960e-09
1.107996031098644328e-09
1.078496577234553453e-09
1.075106605468078860e-09
1.068631959769185491e-09
1.051521505854770693e-09
1.033970050530510749e-09
1.020280312448487547e-09
1.008774384345903429e-09
9.976329977752455496e-10
9.874347442311826811e-10
9.597804180813562008e-10
9.509877256594351461e-10
9.456921540319253549e-10
9.161764054544077878e-10
8.677629088549783876e-10
8.604515044923337657e-10
8.491454420425093823e-10
8.174984483612383072e-10
7.973347131859665397e-10
7.837904894433444128e-10
7.829774267713662590e-10
7.729336612082344994e-10
7.620412059837180072e-10
7.490838893886884240e-10
7.358132279599246428e-10
7.180844580596693892e-10
7.035800960081352363e-10
6.717659893934603769e-10
6.634278252360869450e-10
6.619491730594600495e-10
6.588830053925096600e-10
6.461129389248905293e-10
6.354027664531061248e-10
6.283144665892016348e-10
6.270778994784291460e-10
6.108101277790722123e-10
6.075665684063739162e-10
5.832256032583651469e-10
5.696758445928205921e-10
5.599191692710541060e-10
5.566291643025642925e-10
5.451175982653314649e-10
5.324737743329864589e-10
5.198571248149264189e-10
5.073757327471354321e-10
5.069847712764993221e-10
5.010749603735729385e-10
4.925184486780430548e-10
4.708917250590449236e-10
4.533460501612867500e-10
4.494596549803905261e-10
4.416770245718271217e-10
4.170666695462567870e-10
4.040090395022371364e-10
4.003409457224111635e-10
3.880776625090591758e-10
3.861458488869349378e-10
3.823162781012868326e-10
3.756854242324227776e-10
3.677667574460277503e-10
3.661371535506145257e-10
3.512081630214683103e-10
3.362059848820507886e-10
3.341338348740675269e-10
3.271378168151419811e-10
3.227957504163546939e-10
3.072231389409945534e-10
3.010129526808186812e-10
2.978258614288748486e-10
2.959773069124911912e-10
2.838243827156687737e-10
2.808486880695816417e-10
2.796964264384969399e-10
2.745034647494698552e-10
2.663303268543563329e-10
2.579272690559037109e-10
2.563774400102129080e-10
2.521868421516397416e-10
2.390819193703072465e-10
2.376615970242460541e-10
2.309390563404365764e-10
2.273954640120369028e-10
2.139230579288370742e-10
2.115149041293697186e-10
2.088287998922677867e-10
2.067578662615741693e-10
2.058179444094633944e-10
1.990940917883764040e-10
1.894615862280336184e-10
1.891639715407236697e-10
1.882279093829348705e-10
1.827073335373032449e-10
1.772847969410968861e-10
1.761773948324347482e-10
1.723862893509248693e-10
1.667357600419150955e-10
1.615481030418676408e-10
1.597817850790500640e-10
1.542685941127980741e-10
1.497971760329132716e-10
1.475450403965380587e-10
1.465854633622107380e-10
1.409909108154200602e-10
1.318593661853733271e-10
1.308192301570694767e-10
1.212983322462389025e-10
1.191681474667583583e-10
1.139797848256654066e-10
1.113509851486076389e-10
1.061069187309021664e-10
1.049891996640308823e-10
1.020220723246592987e-10
1.002558904731890996e-10
9.798003044101761053e-11
9.058383142665988307e-11
8.963816219877077635e-11
8.802527000328242251e-11
8.545796876228146732e-11
8.424998465539640585e-11
8.252792044308058718e-11
7.963577490912130411e-11
7.778518665040177285e-11
7.166407837679201651e-11
7.142528417165914186e-11
6.903404120493996102e-11
6.576512470880659401e-11
6.471557514905604194e-11
6.241535128619036604e-11
6.174303228205465974e-11
5.803436274195820692e-11
5.766678583985158332e-11
5.412841565245155615e-11
5.150776443852899407e-11
5.030121210664235916e-11
4.780796247332584622e-11
4.682597512906372224e-11
4.609975265846977255e-11
4.445205688415589875e-11
4.026663412530021002e-11
4.010299967224195657e-11
3.861561818667747628e-11
3.665021764100520446e-11
3.369291929883899121e-11
3.230253190188081360e-11
3.157939214979990835e-11
3.109937665385525780e-11
3.077834063575352593e-11
2.918663790815788716e-11
2.915973860686968683e-11
2.828349197502110462e-11
2.728475955805214877e-11
2.721663483790439487e-11
2.694243580082960081e-11
2.473434932165305027e-11
2.393367559892015503e-11
2.287035304209354550e-11
2.166215408615080145e-11
2.122871564714845070e-11
2.050949827059906069e-11
2.001888040563039128e-11
1.963121374547450341e-11
1.712707293088375116e-11
1.704956239123551864e-11
1.644785012717517250e-11
1.503987315916129672e-11
1.489275938087069517e-11
1.451587637434805129e-11
1.331740159529410800e-11
1.312001819501625927e-11
1.192680944565739168e-11
1.155888717580004503e-11
1.123117046080674307e-11
1.039616303123171391e-11
1.035259858133906320e-11
9.125987607494458904e-12
8.947426448706502319e-12
8.515344132836001397e-12
7.858622189316279348e-12
7.439930901826419134e-12
6.921153676083797998e-12
6.543567513427443883e-12
6.304611643789266918e-12
5.522764360289714314e-12
5.322976802885662556e-12
5.164437295072409775e-12
4.876996768188353525e-12
4.643075707547142983e-12
4.535328369140593524e-12
4.255072872870815299e-12
3.882698076562209453e-12
3.338341911882229352e-12
3.225507940100808192e-12
3.038375783469463325e-12
3.029316979231185274e-12
2.813630623437784549e-12
2.763824469525070845e-12
2.411599877033768809e-12
2.372908343524977274e-12
2.041122598307242304e-12
1.923440903836709095e-12
1.827962289331575307e-12
1.708697869463056104e-12
1.556381611041766004e-12
1.445824374905884066e-12
1.408772960636986664e-12
1.190184810779769303e-12
1.109412832840010001e-12
1.014599804208655197e-12
1.002650528747981885e-12
9.858465948289221444e-13
8.628399731739368729e-13
7.570902341791674054e-13
6.126412965858053028e-13
5.346609103095407050e-13
5.221356803132938541e-13
5.077842052509037386e-13
4.547106358421863688e-13
3.741895423029487784e-13
2.886358101209723924e-13
2.781732448238021793e-13
2.397533052505051586e-13
2.283948968822066281e-13
1.946300493150523751e-13
1.884931984305456962e-13
1.674300573772271588e-13
1.411024077002512790e-13
1.345285644599122836e-13
1.316116403280811559e-13
1.062520356969644865e-13
8.957046450293936397e-14
7.873744555800775381e-14
6.146309580403683667e-14
4.484658538881525450e-14
2.819512979354226977e-14
1.811995984035111916e-14
1.173435780750133557e-14
7.514098979652793670e-15
6.747070851948662398e-15
3.299525772622541028e-15
2.732197507652836829e-15
1.094635527960874028e-15
