6.910772152490499143e-02
2.537899865031724433e-02
2.381594827229814235e-02
1.638187141207389161e-02
1.358375157355113175e-02
1.172082924806899448e-02
1.052119006603027818e-02
9.350437743319582606e-03
7.518024880425346231e-03
7.254936555449362744e-03
6.431485963823971828e-03
6.001787196574781373e-03
5.991921053741666378e-03
4.785502168267653789e-03
4.615569520080598301e-03
4.512567518953796049e-03
4.238122725907230576e-03
4.066507474805811442e-03
3.839584801367788586e-03
3.563875645704149206e-03
3.385722864851782501e-03
3.216259073564943158e-03
3.100098201658189629e-03
3.017239484839528019e-03
2.886564561858544382e-03
2.724165537634459268e-03
2.674397389583987698e-03
2.530008820770234586e-03
2.513108054138948975e-03
2.327512151568708870e-03
2.212013070035454519e-03
2.169842450338068870e-03
2.135112245696272563e-03
2.061962667090378246e-03
1.904089749306476110e-03
1.870668697735310094e-03
1.823744633743937292e-03
1.747559019239215130e-03
1.686628978815057781e-03
1.633596310917337629e-03
1.589469511845745947e-03
1.552150727092093318e-03
1.459576138162284537e-03
1.440852832856571314e-03
1.426621674142080146e-03
1.375695365545862589e-03
1.354125620882932817e-03
1.317265551108996085e-03
1.280223077033282135e-03
1.267431690656334927e-03
1.239245297779535768e-03
1.201840483836730689e-03
1.155831366369449061e-03
1.133317284686013266e-03
1.120590772904512394e-03
1.085569277241544379e-03
1.056253894121553759e-03
1.019773217326719198e-03
9.954825209323998718e-04
9.757592374024878388e-04
9.603337644749779592e-04
9.463348153068755703e-04
9.246104423454314146e-04
8.965046770116968195e-04
8.763542163245708651e-04
8.685943663627705095e-04
8.517542262096033804e-04
8.212358417595735233e-04
8.051737045193096010e-04
7.917652486590654988e-04
7.683952164066993685e-04
7.517886737247400381e-04
7.281994986048426471e-04
7.223660048587785291e-04
7.140836349684840561e-04
6.946167910118695088e-04
6.824980706743353316e-04
6.556807400940495864e-04
6.452556405907891417e-04
6.306834372130728670e-04
6.248146401667565306e-04
6.179110620267640012e-04
6.037481621747048518e-04
5.940743489456455900e-04
5.848778757965506555e-04
5.751542559652350400e-04
5.559888754440859204e-04
5.456785942646104641e-04
5.282467649795711271e-04
5.267309437289902389e-04
5.044116495626681587e-04
4.959739076777213177e-04
4.881854721860265280e-04
4.838231383083821955e-04
4.761210301570352661e-04
4.694133230289728874e-04
4.666086193474126864e-04
4.529777229769473218e-04
4.436418906618599012e-04
4.286130874054845945e-04
4.198272698307581644e-04
4.127613689102592616e-04
4.043810445631041187e-04
3.950554097319722052e-04
3.877221083376274557e-04
3.839822194648812698e-04
3.808287848096675505e-04
3.770558877750364280e-04
3.697617462189788334e-04
3.622631799772725440e-04
3.606070722038124125e-04
3.550569352012625376e-04
3.461025013584656355e-04
3.441382040895278474e-04
3.391593942496319743e-04
3.374767323837415630e-04
3.356741385589436682e-04
3.346023526756746131e-04
3.245792330592182700e-04
3.239038185940035144e-04
3.167980944181901970e-04
3.064186278115403638e-04
3.039628274669702837e-04
3.001604114994889426e-04
2.978033304623036478e-04
2.959238868654055690e-04
2.942153524187865509e-04
2.873345985293983902e-04
2.814680745151238307e-04
2.763547441360908311e-04
2.713455017486187120e-04
2.671635274696088471e-04
2.640777223609429118e-04
2.573235743650241860e-04
2.533210663508454817e-04
2.504200805265310316e-04
2.478300536726868908e-04
2.440051495145580346e-04
2.405703137103130799e-04
2.399837221814286544e-04
2.366641439518709408e-04
2.342488920891431137e-04
2.279904837184625738e-04
2.232932357350674306e-04
2.195316551605003643e-04
2.163337709473866360e-04
2.156788371557033653e-04
2.137593861366212918e-04
2.084527908535254380e-04
2.015665295438467074e-04
1.987978694185136782e-04
1.964716251008060885e-04
1.921223263390846629e-04
1.901276217494801387e-04
1.861277297830862181e-04
1.849000063175552521e-04
1.833690007729044580e-04
1.782607016753123537e-04
1.757860665513201329e-04
1.741666550553689014e-04
1.720601716215694433e-04
1.693725173039215047e-04
1.640362640101460470e-04
1.628037125463026346e-04
1.612717487586579892e-04
1.592772964351670895e-04
1.552207749407987273e-04
1.540321251550647432e-04
1.527985821546584601e-04
1.508984176601242363e-04
1.478306265047921902e-04
1.453174732473355301e-04
1.446346181028570490e-04
1.423964590397850348e-04
1.416996565916879070e-04
1.407838943314767513e-04
1.395632903221138618e-04
1.358526849777871913e-04
1.340331046216541226e-04
1.325724030447566039e-04
1.317353841946738080e-04
1.289970021604169988e-04
1.284380653074479049e-04
1.254722509519052870e-04
1.237264547533864782e-04
1.225494442053807391e-04
1.209417349860860509e-04
1.194975563411766436e-04
1.182503786337952574e-04
1.166598794056189996e-04
1.147629252549457502e-04
1.139089090777676747e-04
1.125598196895656443e-04
1.096851315830830976e-04
1.085642707369186553e-04
1.074556095673663168e-04
1.050070768836010949e-04
1.033297277516476267e-04
1.006746219821378643e-04
1.000710566335968443e-04
9.750183154536223114e-05
9.538177603703142983e-05
9.484142013014125678e-05
9.348471709730686997e-05
9.255661556669657352e-05
9.119158770165799771e-05
9.040271586818163403e-05
8.951032513363083585e-05
8.871518261501239286e-05
8.733572537744669695e-05
8.680841036564767178e-05
8.594486833380841038e-05
8.526162241592246803e-05
8.391995697758675458e-05
8.229210821835906931e-05
8.065904704094943849e-05
8.036701634345221089e-05
7.984302700593711984e-05
7.868467770348447062e-05
7.816558210297405284e-05
7.755287576485784162e-05
7.675293923981257958e-05
7.536854856777926929e-05
7.507430873495840866e-05
7.445304101819620471e-05
7.352500726971304159e-05
7.275555187175263255e-05
7.195873653191476747e-05
7.120455214283849435e-05
7.004178838702600760e-05
6.985138946605142906e-05
6.947488982974734035e-05
6.807771844367706022e-05
6.768715400359529455e-05
6.644551082366704879e-05
6.562098438919783969e-05
6.455915387147798091e-05
6.416927030640729107e-05
6.389990338673503969e-05
6.331293291586366696e-05
6.318270235371726521e-05
6.162014556752566739e-05
6.093399976317697038e-05
6.065280899557463337e-05
5.931687753802762175e-05
5.862803056063417101e-05
5.794501179254985527e-05
5.663271557063574761e-05
5.646268305191068268e-05
5.592423463951768346e-05
5.444618569778060508e-05
5.405470108000447644e-05
5.367639732273433707e-05
5.328097776462265613e-05
5.280994148124504479e-05
5.211642457435395985e-05
5.189475434802894895e-05
5.072657550783515586e-05
5.029767871947601725e-05
4.923432893815795161e-05
4.892332710640415704e-05
4.786916230991829831e-05
4.762824372795060801e-05
4.739759100359370708e-05
4.695123605444729528e-05
4.613490504592428806e-05
4.552785831915721697e-05
4.524196003811981190e-05
4.463654329121517506e-05
4.420239895331052693e-05
4.353646878681498110e-05
4.325233454787617610e-05
4.297460962127633033e-05
4.246117563446486995e-05
4.192410320232032011e-05
4.152665018046423857e-05
4.122941117462879703e-05
4.076525673562365963e-05
4.031619554153689284e-05
4.000375005690611418e-05
3.996291849158250213e-05
3.962497103532383694e-05
3.910313776831157159e-05
3.891886808770413949e-05
3.819618903332311832e-05
3.778335854021037986e-05
3.748839519679509968e-05
3.696938158465816975e-05
3.678582721411813490e-05
3.620976808177745246e-05
3.608941459855850750e-05
3.561693288024697461e-05
3.529515562868565880e-05
3.488388149089660412e-05
3.440153175300521976e-05
3.416152586404390640e-05
3.382531349349029071e-05
3.358404563125280700e-05
3.312160748993900566e-05
3.261827760535838375e-05
3.249300251742306684e-05
3.223362133424182335e-05
3.213827367911553971e-05
3.162104977617532256e-05
3.139517473263734226e-05
3.107780695638098295e-05
3.102037094976725249e-05
3.050537548990350008e-05
3.028897371041351614e-05
3.004868675985217349e-05
2.988812179669835670e-05
2.976594500147207093e-05
2.944459595662793374e-05
2.906561125026331963e-05
2.869071747819133171e-05
2.838783577908013419e-05
2.802233790217310711e-05
2.783293737734766584e-05
2.763093771297708937e-05
2.742682419750921348e-05
2.710292805711385708e-05
2.695982793703162377e-05
2.672960871645654115e-05
2.656409573717325340e-05
2.612985292539018374e-05
2.568717938652849252e-05
2.550210256643808412e-05
2.517081492271072097e-05
2.486721832186803468e-05
2.438121954180645591e-05
2.410848670236490001e-05
2.384754267720662571e-05
2.367292149136651888e-05
2.349759995106951224e-05
2.320510513238401547e-05
2.300979159013082900e-05
2.281077808905659178e-05
2.274072033318558892e-05
2.221889495845918473e-05
2.205254629386723753e-05
2.188347403306106168e-05
2.184376691365912178e-05
2.168578933057793652e-05
2.147886861201425847e-05
2.119831567391629692e-05
2.097508108149079335e-05
2.072005142197906919e-05
2.065491209744503573e-05
2.062145057429473052e-05
2.043837805519127822e-05
2.021734866789839279e-05
1.993080495565413486e-05
1.982965965337959795e-05
1.967750765206454505e-05
1.952395692115836009e-05
1.935730196621811424e-05
1.916495288678209843e-05
1.901637200496533066e-05
1.881394024132715308e-05
1.870179625216922002e-05
1.848294632923200775e-05
1.827570731833397648e-05
1.809800904024548958e-05
1.801647228390482997e-05
1.772255712367775505e-05
1.764575107523075822e-05
1.733057222629246139e-05
1.729683287282708697e-05
1.711071482454278286e-05
1.700448946823823046e-05
1.677292889838468209e-05
1.663654268589472813e-05
1.651919596058490920e-05
1.632983048467541302e-05
1.619241309202188291e-05
1.612329674082513026e-05
1.591282872660942045e-05
1.588271543347172024e-05
1.578791949989960804e-05
1.564518317444945166e-05
1.556110215877759442e-05
1.552940194112292912e-05
1.541331482920597871e-05
1.529992583391525028e-05
1.522157379546768501e-05
1.498354444164038184e-05
1.495428935045316837e-05
1.480002105171746993e-05
1.475400782635044455e-05
1.460420240392795615e-05
1.451807354991967327e-05
1.419559586628310225e-05
1.417376759670770398e-05
1.401372170672762157e-05
1.385673925089728541e-05
1.364128154434343217e-05
1.348825713350052397e-05
1.345828478971181954e-05
1.329822838309728697e-05
1.324092381786103613e-05
1.299569393573306261e-05
1.292573571663813020e-05
1.269627052121931377e-05
1.257910573819523076e-05
1.256252432658811609e-05
1.254173686067755606e-05
1.241096488611447158e-05
1.229980414679565613e-05
1.219578203972146449e-05
1.212328058224967875e-05
1.202412806685162699e-05
1.185841488841694567e-05
1.173392043548193477e-05
1.169748538412000058e-05
1.157901246542293734e-05
1.155919595056094178e-05
1.149745830540665489e-05
1.135734758005321135e-05
1.126357184938062176e-05
1.123519121725024173e-05
1.111908346547995474e-05
1.104738535566128690e-05
1.094922285886689739e-05
1.075359796670014926e-05
1.065871262578582176e-05
1.050682399118789417e-05
1.047453612747931023e-05
1.040152783920348711e-05
1.027146059773016351e-05
1.014972729079832611e-05
1.013114587434642932e-05
1.001017042054107634e-05
9.907810429596021362e-06
9.833226432241299670e-06
9.783585451584629416e-06
9.767423744321273262e-06
9.559851221128182051e-06
9.522802039681543883e-06
9.381481695848578858e-06
9.353320305257820048e-06
9.305718232985038936e-06
9.226206137455633837e-06
9.086660727325144730e-06
9.013918682565970483e-06
8.939826592915973223e-06
8.915599587394879255e-06
8.827638904888389829e-06
8.796933092088997518e-06
8.700810295045375932e-06
8.622292741316703337e-06
8.584708034900169306e-06
8.540374425905495459e-06
8.509910390975440004e-06
8.444315611899180286e-06
8.323098293585650900e-06
8.266546960134773590e-06
8.205687650606067259e-06
8.144334603788690535e-06
8.036025033858052293e-06
8.006620077664227579e-06
7.931942179922724695e-06
7.919268515868800807e-06
7.829454071348447442e-06
7.728458108681131241e-06
7.673470031180014528e-06
7.652738895428014824e-06
7.578923798147965339e-06
7.562080680997116380e-06
7.504295233403137975e-06
7.438820533276047703e-06
7.374451581212560258e-06
7.325906718692940335e-06
7.277394313404400634e-06
7.209711932406922527e-06
7.144693548416935306e-06
7.131137521599622514e-06
7.090077310056491334e-06
7.033396125001816563e-06
6.976806852267501189e-06
6.939005943399323554e-06
6.880222159154620167e-06
6.791849133756577622e-06
6.783870998296064701e-06
6.745400126102609218e-06
6.715007037306922481e-06
6.660211588896624493e-06
6.632959821195812528e-06
6.583922200370425967e-06
6.531768114666173662e-06
6.479458073561897329e-06
6.472559339728448833e-06
6.390817276226063207e-06
6.307945971338059522e-06
6.222152747417351046e-06
6.194683933879380513e-06
6.117207762332238142e-06
6.094297148484175535e-06
6.066762284469002213e-06
6.037298715037046985e-06
5.973834251079078287e-06
5.948502949866557367e-06
5.915281587668247320e-06
5.869093192904818520e-06
5.787039802135212710e-06
5.730191641489087264e-06
5.707201493719395651e-06
5.639988360427658803e-06
5.614333833141599334e-06
5.591128651530525099e-06
5.542605078229638346e-06
5.500328346878865082e-06
5.457744371999359521e-06
5.415781575466381068e-06
5.388260145842556688e-06
5.369031805593426027e-06
5.348427837791912680e-06
5.298291746666420190e-06
5.269694952025771008e-06
5.239176942272931974e-06
5.130735620292187294e-06
5.116369300565367245e-06
5.069629232044565660e-06
5.053645700397376572e-06
5.010886423628599396e-06
4.962792216556798673e-06
4.939655640179656881e-06
4.907340328534001943e-06
4.870081144745632481e-06
4.860085532875345755e-06
4.827687237643571963e-06
4.773308229103123502e-06
4.747550558215539058e-06
4.699292197241171896e-06
4.656411674505217673e-06
4.613363733359977357e-06
4.559737072162951727e-06
4.529765036049717481e-06
4.493093482047059549e-06
4.468769831615806328e-06
4.443518961099449673e-06
4.386666732765530473e-06
4.332483675384625582e-06
4.324667619029425744e-06
4.290510714762436748e-06
4.278662940596450145e-06
4.216134811519329800e-06
4.157526055612111505e-06
4.141050458812396612e-06
4.109792087978691312e-06
4.092885226430218838e-06
4.046851210145361864e-06
4.012844383435804906e-06
3.984581546677371096e-06
3.965212437133904760e-06
3.935791062864571242e-06
3.914080927857698244e-06
3.886134168331046955e-06
3.850629321445504585e-06
3.826355241435263194e-06
3.794636633129171954e-06
3.750340185900713118e-06
3.722426018751819954e-06
3.691684248650135676e-06
3.673523653780707936e-06
3.633377636897159929e-06
3.612610286950000581e-06
3.607802755897944221e-06
3.568928819138203881e-06
3.555803567464890466e-06
3.522574999532787534e-06
3.502280155813714931e-06
3.476847501097513552e-06
3.447181509216237720e-06
3.435333528854488985e-06
3.426594717268639191e-06
3.399116734289258917e-06
3.371475678633402665e-06
3.362825226628828833e-06
3.322082023283211010e-06
3.317924311552321196e-06
3.261894241224570272e-06
3.232875446033214358e-06
3.223701657477954140e-06
3.201785002141652292e-06
3.147503103219921378e-06
3.143393446992537106e-06
3.114995274292151659e-06
3.107314094375709058e-06
3.090443527181596360e-06
3.057724546388491092e-06
3.044901032562012071e-06
3.015930149012266088e-06
2.960492552802732226e-06
2.951493124646163819e-06
2.943985965057964067e-06
2.903009663089217128e-06
2.881066289509427467e-06
2.849953004997300845e-06
2.843372553424045048e-06
2.814028497243834958e-06
2.798248174137743439e-06
2.759475030212954520e-06
2.754833303788719040e-06
2.749853327142672028e-06
2.732465542054530113e-06
2.692254979946336012e-06
2.668270009637672961e-06
2.642679374459683989e-06
2.635380896551148615e-06
2.614480921006824811e-06
2.611305424059798910e-06
2.568390809574472417e-06
2.564047432171314997e-06
2.553832723090192727e-06
2.514846053346495476e-06
2.497526663565732527e-06
2.496632875024144128e-06
2.474191793884190742e-06
2.434707238392723393e-06
2.431771675066196483e-06
2.418532777218229152e-06
2.398161930347994952e-06
2.379447504273574265e-06
2.369318013455614293e-06
2.345619421028361284e-06
2.323881029194739229e-06
2.316431908308548358e-06
2.306242132735994963e-06
2.298470260165925923e-06
2.286390939911568063e-06
2.267684081948964966e-06
2.251962039992109192e-06
2.230957806580758766e-06
2.226418771379786270e-06
2.202811343828605392e-06
2.186729381177573600e-06
2.168769190980600445e-06
2.145275105762797884e-06
2.112256377209935133e-06
2.100816699028205751e-06
2.094777790933077464e-06
2.086923543804563394e-06
2.066994908599989460e-06
2.059744591699431551e-06
2.037974372434661318e-06
2.030617643818727469e-06
2.003045322288261410e-06
1.981824496423342989e-06
1.962575721970625620e-06
1.952778616437767064e-06
1.945666662525380490e-06
1.925901803017286178e-06
1.904998477863973242e-06
1.898667117240839384e-06
1.885062419974726877e-06
1.876438640059188468e-06
1.870624077554297219e-06
1.859336396289020375e-06
1.850516770909916633e-06
1.822581795139851551e-06
1.818953381720829539e-06
1.816967137456902741e-06
1.800524567402884262e-06
1.789571612437391642e-06
1.777878307505404795e-06
1.765954270185558064e-06
1.735992223958024161e-06
1.724708955583904873e-06
1.704994121284137351e-06
1.701197500662032002e-06
1.673214769354044976e-06
1.666949837407092424e-06
1.650060956138495942e-06
1.637445914850594393e-06
1.632592840204412888e-06
1.624682702005519288e-06
1.611116414600315072e-06
1.602242628310429882e-06
1.568848723158500560e-06
1.551432946464353794e-06
1.543571081918753716e-06
1.535934853281668834e-06
1.530043368705578812e-06
1.519201455477704224e-06
1.510942261662636097e-06
1.496162980530210155e-06
1.492685072266754787e-06
1.482527460306171784e-06
1.464515075048053518e-06
1.455841861534147043e-06
1.437394001122098890e-06
1.426154583262173953e-06
1.417154977355037681e-06
1.408756654509851004e-06
1.400036897601535749e-06
1.393867161676970859e-06
1.391346436747784420e-06
1.381758502278986473e-06
1.370948565233539861e-06
1.359568836056066491e-06
1.347906093125210124e-06
1.346646562266876445e-06
1.339195369736928892e-06
1.316409949795303368e-06
1.299507831642603386e-06
1.281904171931964253e-06
1.274809592848779655e-06
1.261596610308127404e-06
1.252804080982443736e-06
1.241894503356000524e-06
1.236377353340709518e-06
1.230206249129756343e-06
1.221534135562471300e-06
1.214979304628264356e-06
1.205781587870313834e-06
1.202747837234161129e-06
1.199895134069244594e-06
1.193900862320137234e-06
1.185107291405359233e-06
1.169924723076425258e-06
1.156026772489640682e-06
1.150963599465181240e-06
1.146874535359699567e-06
1.134080223705525098e-06
1.132338898490720928e-06
1.125716060110108671e-06
1.115694904505900918e-06
1.110265960087610058e-06
1.092884242534190181e-06
1.088997037060117974e-06
1.078022477091284105e-06
1.070832973175203523e-06
1.067083721224432651e-06
1.057053330107309031e-06
1.044935926749721385e-06
1.039901728903414540e-06
1.035144088719793454e-06
1.030044115099869342e-06
1.017797661935933191e-06
1.008541983291961772e-06
9.996701951626620069e-07
9.924572637505358888e-07
9.898187159935108338e-07
9.823253104670882880e-07
9.784835930178399116e-07
9.718752881244216207e-07
9.653736847443290818e-07
9.611541930203855060e-07
9.517119416208160070e-07
9.394199386149365666e-07
9.359644185288662065e-07
9.314415774150221470e-07
9.163259989696199908e-07
9.009021115856927452e-07
8.968163294517955990e-07
8.923366258427674958e-07
8.902225338767894961e-07
8.865177815974081264e-07
8.840827405860877182e-07
8.669404734723025816e-07
8.592867268306881717e-07
8.512585526139259884e-07
8.462449347846373146e-07
8.390635801224119974e-07
8.302694846012529607e-07
8.296534297544482414e-07
8.266753030104379306e-07
8.138554807411064198e-07
8.094925351727503201e-07
8.063323303426689552e-07
8.010944430135895903e-07
7.978686854926645688e-07
7.890815439292073800e-07
7.861553704258650642e-07
7.823529484932675335e-07
7.766852904270743455e-07
7.754896098252823345e-07
7.632851133974642365e-07
7.568129038432622817e-07
7.526137663837736515e-07
7.418622850799601526e-07
7.408553715593141405e-07
7.333133860857485274e-07
7.311976732992427764e-07
7.216156909784811928e-07
7.175410960020008079e-07
7.109139332983030648e-07
7.041780880932160775e-07
7.030335753240529027e-07
6.959683077269313026e-07
6.881316698941459001e-07
6.851357588409684267e-07
6.791343634337969307e-07
6.742133146680805655e-07
6.715809492211912032e-07
6.698164438630260538e-07
6.649391609883684883e-07
6.622809335232840059e-07
6.550085189914122122e-07
6.528479980123289515e-07
6.509973125171732072e-07
6.465161344530161431e-07
6.429281941537485640e-07
6.365055248635298561e-07
6.307571518288324921e-07
6.283941404369373007e-07
6.169375960545181958e-07
6.151136654493980556e-07
6.116304133303891128e-07
6.097902190199834759e-07
6.059040415080510370e-07
5.990517713065037154e-07
5.928422986722149601e-07
5.897123091511471161e-07
5.849311943398995789e-07
5.824645342447608889e-07
5.779101259908749126e-07
5.776971302276280970e-07
5.720663940387235491e-07
5.670917718902587821e-07
5.602111492281310105e-07
5.534190209746375413e-07
5.502786991793083718e-07
5.457778639183756584e-07
5.442781750787145050e-07
5.411761368145437728e-07
5.365928727912470976e-07
5.289722508568867599e-07
5.230785438850485319e-07
5.191938828655772305e-07
5.153805477019759335e-07
5.140875812506837743e-07
5.111550013830105149e-07
5.085971869084860853e-07
5.037213621507715776e-07
5.017684372435475626e-07
4.955263663041076885e-07
4.899279268433269012e-07
4.863334514810598814e-07
4.858031350091625796e-07
4.837077557667686253e-07
4.817748930133237953e-07
4.749706074174609315e-07
4.743316473727437093e-07
4.710447011845508182e-07
4.671251311286542406e-07
4.627033096005463795e-07
4.618339945218838751e-07
4.569460977110141223e-07
4.546733772312660959e-07
4.528568126774877317e-07
4.471954872108832732e-07
4.427500889423291490e-07
4.399132010896044832e-07
4.388811830532458408e-07
4.353235418717666172e-07
4.341166312372182277e-07
4.293140592828202026e-07
4.263655501565966222e-07
4.206834778811562442e-07
4.122482431803129142e-07
4.097977587928176474e-07
4.078242873056733276e-07
4.050937778903213859e-07
4.044355290353291831e-07
4.018575122813468118e-07
3.973849863689111282e-07
3.946283711901866908e-07
3.913046894290033206e-07
3.878934241119442920e-07
3.820364531373541705e-07
3.819488201387764057e-07
3.803940993717551107e-07
3.794781198477196394e-07
3.754941722013899472e-07
3.704527559577590264e-07
3.668364162698332942e-07
3.648123595679683374e-07
3.639174401280932160e-07
3.621727226401253445e-07
3.612840994541768523e-07
3.582936522500008482e-07
3.580001238536026133e-07
3.540565046604200011e-07
3.527779785201077538e-07
3.467536857907926378e-07
3.442148950577644757e-07
3.429833853198358972e-07
3.372788934256530823e-07
3.367076845999644662e-07
3.342276615129928863e-07
3.334438134445420692e-07
3.306918147344806066e-07
3.284660985192386705e-07
3.260419325774082190e-07
3.237750202501555031e-07
3.222506190029635425e-07
3.191498007154057327e-07
3.170083324516889371e-07
3.148056628969759006e-07
3.126508905561292054e-07
3.088309843489041630e-07
3.060500851951552345e-07
3.039958457836906966e-07
3.018395311115552460e-07
2.997556227839071613e-07
2.961287738494954190e-07
2.956291314842402443e-07
2.934272854332832391e-07
2.923009146898468433e-07
2.891153749797295906e-07
2.869466068333497474e-07
2.832617408789022133e-07
2.820508167526369583e-07
2.799386595770668280e-07
2.780527696517375543e-07
2.766854594203736800e-07
2.740756831449350004e-07
2.730378790822256148e-07
2.705592856693593782e-07
2.689218032748508931e-07
2.652157390291312533e-07
2.643217982573380173e-07
2.599739051343010396e-07
2.548852676770825740e-07
2.537952456326353748e-07
2.525500289530856716e-07
2.510500977888281213e-07
2.508960611325289538e-07
2.471208563264868248e-07
2.461432383002405680e-07
2.435732176751899467e-07
2.428587160427647280e-07
2.392680530486524898e-07
2.370223402580110059e-07
2.364575766251293296e-07
2.353791243769625959e-07
2.309076398245908684e-07
2.298156189579880581e-07
2.270296199737642794e-07
2.255894293072311224e-07
2.247147866720582035e-07
2.230000859046553701e-07
2.215947046699688937e-07
2.208160812866550997e-07
2.181761189022067003e-07
2.165833878373451424e-07
2.142565665603262158e-07
2.140921952299989076e-07
2.116427496159856269e-07
2.105292662252700840e-07
2.096838620349004995e-07
2.085194077373432228e-07
2.068739735384129838e-07
2.061500547249525903e-07
2.040246445632398071e-07
2.018697100317192934e-07
2.001339380096447381e-07
1.979715725236296833e-07
1.958708450840987392e-07
1.953610096758296200e-07
1.924984974324538199e-07
1.913990914002808955e-07
1.901565991750904200e-07
1.888403462104104486e-07
1.862651756078400612e-07
1.847348033669217485e-07
1.832012136382073822e-07
1.814741512995390598e-07
1.808037917745944168e-07
1.776891524817277998e-07
1.763887143862534034e-07
1.753476045102120253e-07
1.741530415495609593e-07
1.723254787941183124e-07
1.713118703147443909e-07
1.698287536391293015e-07
1.687334785208872715e-07
1.677692636821647333e-07
1.670058199542503366e-07
1.658064741128531590e-07
1.633364537673276000e-07
1.628513862066317858e-07
1.622739848957906081e-07
1.589526245268599393e-07
1.581688276838469937e-07
1.566095750465814827e-07
1.560892381050210794e-07
1.553878089605039490e-07
1.532437739966360547e-07
1.528733741855474659e-07
1.521322103531744069e-07
1.502879750669155937e-07
1.494593331946937841e-07
1.491101435687086203e-07
1.465806589312351005e-07
1.461892379494437825e-07
1.457870339616128090e-07
1.452297464534297226e-07
1.434717275290103954e-07
1.417489423635041717e-07
1.407395038534517881e-07
1.401011865912169846e-07
1.392518798280891013e-07
1.381195627344125001e-07
1.377674545718340846e-07
1.366543962532312011e-07
1.343491095308421448e-07
1.338763849002202277e-07
1.319402118567303098e-07
1.309222969523056176e-07
1.307753618797702849e-07
1.291256891699123983e-07
1.277865089771753973e-07
1.276587100726535615e-07
1.272723761793875927e-07
1.271431693518230954e-07
1.254224839840843354e-07
1.247415163289658758e-07
1.226569353030002423e-07
1.206554943411485640e-07
1.202902395422042859e-07
1.188323061856513578e-07
1.181168983639860042e-07
1.178319181915345439e-07
1.163670669009338758e-07
1.149951339491103149e-07
1.144082297281277042e-07
1.131360523997379871e-07
1.128293602638185424e-07
1.120503447406311082e-07
1.112901404144035945e-07
1.100134598674282876e-07
1.092832392072896549e-07
1.081336768506376382e-07
1.071797856677962743e-07
1.059514789314408331e-07
1.035048660951163105e-07
1.034865138146806288e-07
1.030848469824060144e-07
1.019509266249893684e-07
9.995577266795410707e-08
9.872836060429779373e-08
9.793937024169106417e-08
9.762072348560902999e-08
9.666653352146064165e-08
9.595425837915742071e-08
9.533184983335908703e-08
9.501858098181696952e-08
9.461303322605235671e-08
9.428749100948840701e-08
9.287701610757691349e-08
9.178673525913201351e-08
9.123071325252561092e-08
9.049296605889722912e-08
8.987975163320500348e-08
8.944041373594805846e-08
8.906703278021636425e-08
8.857480730323296312e-08
8.837841095776323908e-08
8.752935184014646867e-08
8.702223633752429164e-08
8.684038875134186834e-08
8.553284072590931793e-08
8.418540972838611456e-08
8.410307507996556435e-08
8.354706837306052963e-08
8.242083974758806875e-08
8.194608652817763045e-08
8.189206532993088757e-08
8.097925334783284031e-08
8.050973792935074226e-08
7.974636489134917017e-08
7.936272383631429626e-08
7.881717054781885464e-08
7.829783882518443255e-08
7.703489657633358651e-08
7.588371591928741685e-08
7.541236782343363832e-08
7.523591661899277764e-08
7.455393206849702518e-08
7.420755855728875415e-08
7.368281576138181209e-08
7.325372004109672052e-08
7.246109124394535848e-08
7.170356447296035237e-08
7.131482694997454659e-08
7.044104175260729430e-08
6.984368712602741444e-08
6.948690232266204133e-08
6.896188778346360706e-08
6.871343341503299892e-08
6.826296649713353937e-08
6.730783171775424456e-08
6.683239563364500848e-08
6.631288401684471496e-08
6.574940096172825965e-08
6.538817574569537050e-08
6.420951823254986731e-08
6.340770696378718784e-08
6.287216853104436422e-08
6.249389166954045419e-08
6.194606087760598959e-08
6.120852942102359059e-08
6.078483933226242095e-08
6.007157769649537759e-08
5.985025238459322935e-08
5.925073947032900527e-08
5.845563827449594349e-08
5.806622383286520309e-08
5.745882435260242069e-08
5.730665541866190689e-08
5.693693120008141456e-08
5.675639744754841924e-08
5.607160850049803225e-08
5.569114351935306497e-08
5.539540490039998393e-08
5.487818254297807826e-08
5.455177056918512738e-08
5.405054716719862925e-08
5.367161624108066701e-08
5.238124114909818547e-08
5.193415963113569198e-08
5.184601496322987094e-08
5.110832840642147150e-08
5.097243428237332301e-08
5.067231792778874140e-08
5.053916486122775645e-08
5.004286810137016131e-08
4.963470015262004857e-08
4.908163353601532112e-08
4.867040477263335318e-08
4.796858989705187956e-08
4.688017490138112502e-08
4.662813736703021512e-08
4.626312954612825162e-08
4.547390048092538429e-08
4.499343618098271541e-08
4.488667233085002185e-08
4.485513310079255290e-08
4.429797706249919948e-08
4.383643821988038635e-08
4.357584901142611785e-08
4.282424556937840806e-08
4.258948721601778498e-08
4.218604367161770642e-08
4.186632500871363987e-08
4.153665383588659771e-08
4.094705403950027638e-08
4.077943527125696151e-08
4.068152720643170126e-08
4.012997974953758818e-08
3.952759352526554635e-08
3.916001397443636608e-08
3.863893571562437019e-08
3.843748647000383686e-08
3.805373422678293939e-08
3.783751657066143147e-08
3.770674201495370352e-08
3.744919631972610833e-08
3.728159066586353608e-08
3.688228127552314763e-08
3.675694837379809419e-08
3.650017572726476042e-08
3.631893447209261008e-08
3.605985540405741705e-08
3.600062922032347046e-08
3.554553413529212886e-08
3.515519491430109622e-08
3.497086607816235369e-08
3.459883430653107015e-08
3.419759674627861293e-08
3.408622588569192856e-08
3.374382673784272914e-08
3.334635616345441674e-08
3.325831534468222081e-08
3.296105340984239741e-08
3.283727961849380762e-08
3.232308862303499096e-08
3.206750145097741026e-08
3.169142978970101611e-08
3.157658037632741837e-08
3.096134254126890112e-08
3.088531994851298092e-08
3.052129644403198304e-08
3.026324465105896702e-08
3.021132370791812086e-08
2.999686218481748329e-08
2.988538108361956731e-08
2.971677046066169747e-08
2.959039019992365544e-08
2.935812009533829873e-08
2.884527258749140663e-08
2.878925689375841083e-08
2.853977123542406861e-08
2.839676912632935771e-08
2.827814080888927532e-08
2.788943034733490992e-08
2.784603275987970927e-08
2.769619949134715913e-08
2.724262692644887477e-08
2.717628710457958470e-08
2.682413921166502397e-08
2.662899497435388862e-08
2.625307250923007685e-08
2.610953531330195692e-08
2.588044626756820277e-08
2.560896675843894595e-08
2.539232503363803848e-08
2.523082158898548344e-08
2.493600340721799805e-08
2.453655633977604430e-08
2.428230150290905241e-08
2.395294263850071899e-08
2.373337675325956971e-08
2.359611785972196657e-08
2.329542717474964179e-08
2.317614707040752833e-08
2.291140837668325121e-08
2.276732450964758337e-08
2.244315783435378546e-08
2.202424020852693478e-08
2.174891495854272457e-08
2.147204164371476689e-08
2.134303957851161850e-08
2.122690764207520600e-08
2.115175707905258743e-08
2.095563205062443717e-08
2.091428881321327783e-08
2.065874487958136055e-08
2.011691909239895771e-08
2.008168690747494189e-08
1.966133224060948573e-08
1.956840266631791145e-08
1.951963610496122440e-08
1.929701726712222878e-08
1.905557382209588526e-08
1.902559515712180364e-08
1.887681035022533639e-08
1.858582896446163773e-08
1.855282284330306772e-08
1.813771198837309723e-08
1.798506430658318066e-08
1.795271196358359144e-08
1.770144978155632602e-08
1.761213688229568604e-08
1.729211621921806344e-08
1.722199169902000203e-08
1.711273985566497594e-08
1.702277619611095850e-08
1.669013446328742560e-08
1.653383370213068750e-08
1.645527173228735378e-08
1.620285544917342884e-08
1.598778949644876278e-08
1.584483465000116633e-08
1.577987495046366322e-08
1.567030949024001167e-08
1.558967976392547870e-08
1.538267062072474593e-08
1.525447127812829425e-08
1.512166216595386095e-08
1.482866402916212220e-08
1.469519532852185385e-08
1.450313616209780973e-08
1.435808676413713601e-08
1.431865043228394951e-08
1.407732021400506981e-08
1.396652437358114249e-08
1.388035931203073942e-08
1.363347800603473973e-08
1.357223158134895662e-08
1.344251448804528379e-08
1.336474584230619140e-08
1.334496457600558156e-08
1.317462140645132447e-08
1.305460385273113073e-08
1.290716866788400486e-08
1.271516178883591252e-08
1.262658325771072274e-08
1.242343432479618736e-08
1.230356806181778314e-08
1.224060501899691749e-08
1.213391861829726511e-08
1.208932156523730780e-08
1.201461107908719708e-08
1.190623303476696267e-08
1.172446043156933400e-08
1.154963830190900683e-08
1.149812945609099791e-08
1.136714291200891486e-08
1.124345146378212202e-08
1.115229675837940975e-08
1.108027485254167924e-08
1.102131499464918803e-08
1.098215201249713649e-08
1.086547339602433212e-08
1.063111712662480348e-08
1.057881800028375589e-08
1.051995014095167383e-08
1.041941979104328205e-08
1.028745129536158935e-08
1.020557838487772406e-08
1.000870781491392581e-08
9.899038813476364296e-09
9.882824258944612616e-09
9.776932761220587254e-09
9.717346835900558373e-09
9.696641735750209081e-09
9.622897722686768355e-09
9.489618914290863829e-09
9.388817456591451022e-09
9.369043721537711976e-09
9.278260898350235467e-09
9.181863791273838809e-09
9.068419420644072501e-09
8.877024734881543309e-09
8.773343658239704638e-09
8.734404147304079033e-09
8.671375628400200090e-09
8.584504682451141340e-09
8.465402980838214981e-09
8.363640034273794287e-09
8.243470964281786296e-09
8.183762281612704098e-09
8.093205134550516211e-09
8.080255575372482953e-09
7.980307219715819767e-09
7.906356209201734989e-09
7.859875038700705830e-09
7.835030523684649385e-09
7.682969541656938317e-09
7.640908634077708148e-09
7.559542061340947258e-09
7.471471831313431014e-09
7.368325529878584850e-09
7.340264632554443944e-09
7.282562497904842598e-09
7.152863814995133474e-09
7.136086285706344217e-09
7.079960296052314560e-09
7.035516847093628072e-09
6.923219152828507442e-09
6.874294988762965401e-09
6.815766351267159224e-09
6.778990349963231082e-09
6.702031263225230245e-09
6.629354241203359123e-09
6.578742480767757462e-09
6.506909461370199761e-09
6.441453710185951138e-09
6.419149757734737637e-09
6.368720800758864751e-09
6.333344477318045195e-09
6.241214119763202540e-09
6.152089435668339670e-09
6.068152520621890551e-09
6.055735109279611248e-09
6.036755695614620527e-09
5.904241683112641676e-09
5.844821826022661846e-09
5.806403770709704598e-09
5.760112995529611154e-09
5.706340364525239519e-09
5.682011248926740074e-09
5.634769687269096333e-09
5.567689516174056158e-09
5.539445550325747616e-09
5.500734923266758218e-09
5.438779098003119653e-09
5.396754480635571774e-09
5.351208043159946290e-09
5.313624248461018693e-09
5.227495979958319064e-09
5.200772184440863269e-09
5.170500997447134711e-09
5.136627433845613748e-09
5.058346922189092072e-09
5.051486336976882882e-09
5.007552116702501641e-09
4.927844757498009763e-09
4.853488935021081803e-09
4.807660309539078271e-09
4.740899796417638319e-09
4.717569279985611166e-09
4.662365164293111476e-09
4.631396543974543540e-09
4.576936882324335619e-09
4.530081672115224003e-09
4.502703259209301586e-09
4.446845967493473421e-09
4.419761784121987937e-09
4.315510173431295162e-09
4.296288657986943571e-09
4.223659519144321985e-09
4.215038098624180854e-09
4.175434450566917017e-09
4.071690932258802194e-09
4.024950281094263014e-09
3.894655609931231882e-09
3.860471272283469800e-09
3.848767130317502496e-09
3.829043452660946257e-09
3.805945197595404358e-09
3.756979024348225193e-09
3.730169676604608020e-09
3.692515528227346287e-09
3.655414170508297172e-09
3.631736584712379478e-09
3.575458985757704373e-09
3.561128395242282929e-09
3.526714857519266993e-09
3.469099743658131424e-09
3.441726717191124320e-09
3.401425045239027136e-09
3.363397378279623247e-09
3.329602676090183293e-09
3.285733195960456625e-09
3.234360422954767105e-09
3.219094576160839326e-09
3.202403935234917513e-09
3.185634967487990931e-09
3.144979485316600600e-09
3.132186733586891118e-09
3.086471948430932050e-09
3.052731596791797114e-09
3.040123742189823107e-09
3.024079068345072939e-09
2.994781319032509661e-09
2.960874981624008027e-09
2.933706960138919502e-09
2.900645845897895359e-09
2.876813367846264498e-09
2.869521638215415832e-09
2.863814531765018940e-09
2.793158316178774911e-09
2.773276937244138786e-09
2.756509213755569577e-09
2.703008017722969082e-09
2.689452120841019744e-09
2.688575536764096968e-09
2.623581762653057877e-09
2.583030957693504943e-09
2.560793843993717280e-09
2.541216003009237166e-09
2.525358924868095838e-09
2.505841253489351077e-09
2.498722222859958558e-09
2.469675139297744709e-09
2.442127421167673596e-09
2.410032802487267027e-09
2.398394961583147795e-09
2.354192370085306852e-09
2.328581935734339798e-09
2.319104794130525584e-09
2.292324465493842684e-09
2.289782097054085764e-09
2.243951019701992349e-09
2.224040953066653004e-09
2.217013572698760252e-09
2.191285773539190442e-09
2.180412832487115291e-09
2.141837329113906360e-09
2.114868665847650341e-09
2.087847668996353374e-09
2.053895632536707219e-09
2.039443966687971148e-09
2.018771725409038932e-09
2.004164508854009364e-09
1.988580279746845281e-09
1.956331568474550499e-09
1.932787195145282195e-09
1.916799478325461356e-09
1.911320186224399225e-09
1.896002107954215005e-09
1.872653956159986061e-09
1.867741508422331559e-09
1.829636910750883736e-09
1.805596329362109784e-09
1.779210568172090654e-09
1.761240255718405957e-09
1.737006466657090354e-09
1.719645618731959295e-09
1.693879351018974790e-09
1.690664266378000293e-09
1.681128411218812907e-09
1.658209597265913595e-09
1.652116810241680187e-09
1.636079667666008136e-09
1.628127105490097346e-09
1.603344110222456034e-09
1.573377123031730673e-09
1.556952946004016807e-09
1.534921948740890808e-09
1.508947438821950275e-09
1.492132376104467713e-09
1.470982129254715643e-09
1.461499500022787187e-09
1.448864109160167873e-09
1.428060048737275857e-09
1.391823602878845338e-09
1.386259916180993949e-09
1.365793454116272991e-09
1.344696877637665101e-09
1.339400727071674020e-09
1.334346169102548272e-09
1.313047828416868725e-09
1.289092643194904172e-09
1.274152731485121883e-09
1.261323353979643244e-09
1.245475646783077003e-09
1.239429132923247167e-09
1.219334277197426892e-09
1.200209570587870935e-09
1.193905049430901330e-09
1.157554625770033625e-09
1.140227868547158299e-09
1.113162516675601203e-09
1.100601518860572409e-09
1.077777459426041739e-09
1.060936105215724338e-09
1.041830300597224611e-09
1.019132992868278612e-09
1.014252161130247381e-09
9.906831957483716005e-10
9.830035590291250400e-10
9.765669402188377511e-10
9.682017464543839473e-10
9.614894784800158324e-10
9.502201717430417954e-10
9.305687142371132278e-10
9.258011665933051290e-10
9.103227503244707600e-10
9.079246288046247027e-10
9.030202407423341992e-10
8.845241809444208195e-10
8.764100362003196432e-10
8.698670440531955101e-10
8.680649520081019379e-10
8.592739124293183239e-10
8.519972710671679314e-10
8.478130734885150346e-10
8.439741638011698022e-10
8.292352453785951241e-10
8.110285712614508265e-10
8.012725149581017513e-10
7.943864707914551737e-10
7.848831158878030284e-10
7.784885613954055753e-10
7.651321346402156438e-10
7.379026835580311215e-10
7.163335544050500990e-10
7.129404047171830875e-10
7.051409328742556704e-10
6.943756895177873755e-10
6.883660285983945314e-10
6.739933829899789767e-10
6.655167385406661964e-10
6.574181683099022007e-10
6.500481264290735870e-10
6.416594095227299109e-10
6.351468910581073383e-10
6.250135482613346879e-10
6.227619843296713192e-10
6.105057316960794564e-10
6.039268023345545471e-10
5.975226452583379309e-10
5.842123762474070002e-10
5.763547731674002253e-10
5.672606688396164060e-10
5.615511779504094725e-10
5.412761992402917291e-10
5.350406793767688064e-10
5.305011254396930504e-10
5.273694788475684234e-10
5.132591718069079794e-10
5.114238953134151760e-10
5.027989037694895775e-10
4.964816069441723700e-10
4.814330940728650487e-10
4.713259861491793469e-10
4.607370676864085313e-10
4.542283003557865817e-10
4.470390241468128170e-10
4.373780907099624655e-10
4.352765720467557445e-10
4.281103015196261961e-10
4.229906118693619917e-10
4.159068637842111324e-10
4.123928391929447903e-10
4.096829658590379227e-10
4.028338885505254186e-10
3.953822703725193551e-10
3.842996711993472490e-10
3.815271679822208319e-10
3.721291795816899597e-10
3.672985597337164567e-10
3.608695172407287022e-10
3.598208018642157067e-10
3.415832663378810333e-10
3.371237570563605573e-10
3.329209687595812566e-10
3.257320242357409440e-10
3.218617010461090444e-10
3.161654034732674272e-10
3.149086699991574868e-10
3.100615593707299316e-10
3.063908222367760923e-10
3.014625039398956703e-10
2.978975638209218495e-10
2.928284131885331701e-10
2.888371420158702089e-10
2.851447864866480035e-10
2.827798231838784627e-10
2.789908208538848131e-10
2.714514164737609429e-10
2.681493177601818645e-10
2.595446030483124828e-10
2.592633996748949516e-10
2.558501081823392335e-10
2.527014748099256523e-10
2.494786087423633464e-10
2.459151511199468382e-10
2.391980044515213679e-10
2.353655562645087634e-10
2.351206371507476542e-10
2.258479425316957117e-10
2.182812113778165567e-10
2.176385448634358584e-10
2.133658910510256138e-10
2.105137509895153879e-10
2.003081603324778819e-10
1.990325092722234633e-10
1.963028841865602159e-10
1.930537329262137038e-10
1.913646122919299505e-10
1.906146797257092242e-10
1.861060190273235594e-10
1.837196181391991804e-10
1.674102207622051274e-10
1.641912023673914287e-10
1.619871610176311322e-10
1.592131746368958250e-10
1.514134742515179131e-10
1.476412742695365107e-10
1.446343444618813133e-10
1.419238264293438944e-10
1.410675080417312553e-10
1.349088825543192323e-10
1.294234801280587223e-10
1.225151274352535384e-10
1.157757015471042943e-10
1.150737961270523995e-10
1.118434562235082629e-10
1.028343596861063270e-10
9.836128278452951313e-11
9.007584005375799304e-11
8.657705442299622107e-11
8.335108944455301133e-11
7.125925467898252406e-11
5.521664199997818758e-11
5.224842480908645864e-11
4.675032601646857236e-11
