6.294229411367514848e-02
1.988525853127016269e-02
1.872352526160331668e-02
1.150814426719932830e-02
9.052300386971686569e-03
7.847058464919313622e-03
6.578817252745033060e-03
5.700792713917285197e-03
4.200315881665563078e-03
4.010207084439412935e-03
3.520437520445403746e-03
3.169348791088597191e-03
3.066419682629968092e-03
2.313645727092544617e-03
2.189263229671101901e-03
2.068821844380951645e-03
1.992041686698666197e-03
1.771786895965319318e-03
1.726894832809354983e-03
1.467922938299170543e-03
1.329767283007472637e-03
1.316980977051159744e-03
1.168185437699577073e-03
1.134917465618688615e-03
1.023192425660162524e-03
9.997068945073353356e-04
9.348901516507332737e-04
8.751521113356760563e-04
8.038348171951814397e-04
8.031766852587091067e-04
6.737049891685835358e-04
6.375172724334657488e-04
6.354922091142950870e-04
6.012039356216110266e-04
5.821005093739283452e-04
5.370490340448677829e-04
5.094862081351232523e-04
4.810156447723844654e-04
4.393172616638917212e-04
4.293030608865022399e-04
4.079858825707427029e-04
3.972309537448756003e-04
3.916371728422005853e-04
3.731943039628291144e-04
3.585146791482500517e-04
3.410995193735281072e-04
3.209404884828604169e-04
3.031239672002219087e-04
2.927136853089341135e-04
2.814091966696816139e-04
2.663092012028290840e-04
2.474095140739566642e-04
2.402771381176826862e-04
2.358068915323162861e-04
2.241375864963166128e-04
2.144791032294894140e-04
2.107573708715620054e-04
1.998229981305932584e-04
1.932990024095325280e-04
1.837650839312011681e-04
1.801959957440268294e-04
1.784041721261988818e-04
1.678647575643979495e-04
1.589798535728126751e-04
1.509241721216818776e-04
1.467826601664438415e-04
1.398151093053747308e-04
1.394712552043938386e-04
1.302338396256970648e-04
1.286095649970286968e-04
1.262473681725070614e-04
1.189472937820634395e-04
1.169547722900443393e-04
1.137356510188407727e-04
1.088334723774342399e-04
1.068387894241891001e-04
1.010626884355680764e-04
9.703746928462724365e-05
9.179822518666776545e-05
9.010265078502177735e-05
8.796494518696398846e-05
8.617489809540897303e-05
8.399797422227619050e-05
8.182425119020055157e-05
8.028809860697092406e-05
7.516719900777345665e-05
7.302556339856090405e-05
7.139920031133376217e-05
6.946662272235286546e-05
6.919348058048687734e-05
6.638747484787014424e-05
6.522333471185876995e-05
6.011286614730369706e-05
5.852938814440566956e-05
5.816205592182553663e-05
5.671702160764658621e-05
5.511655422825351326e-05
5.380665314809680492e-05
5.171156060412198920e-05
5.151046551577956973e-05
4.891875828186908684e-05
4.749816966686483866e-05
4.582459459554612616e-05
4.514897678685494796e-05
4.409746433229695857e-05
4.307451300990265328e-05
4.196166164525145251e-05
4.115848623220289226e-05
3.987682117662063512e-05
3.787422197922391914e-05
3.684305553234740351e-05
3.616783561795167910e-05
3.563002189808331822e-05
3.448610749236785255e-05
3.360957939043337936e-05
3.287456394997117143e-05
3.217294444108989186e-05
3.101520246575511282e-05
3.049188461275356615e-05
2.923496694189321136e-05
2.897679401949990161e-05
2.829322792005041886e-05
2.717787853324507821e-05
2.679086140887168858e-05
2.633972943917376982e-05
2.567885278084830786e-05
2.486414829922507747e-05
2.445020229575028874e-05
2.314234880449446641e-05
2.262066726614950360e-05
2.222599750018785172e-05
2.176358339335224086e-05
2.150029800461019974e-05
2.119880959629213561e-05
2.045612797186476605e-05
1.997723332272958113e-05
1.967993674643465869e-05
1.919944676195124261e-05
1.804665785643100166e-05
1.756371803535829447e-05
1.742906406587385436e-05
1.692284476377508751e-05
1.635193147842506245e-05
1.606142108188579804e-05
1.588098262892757747e-05
1.536721701543273093e-05
1.518367442771880961e-05
1.496333872453085315e-05
1.433008932864740132e-05
1.402418453636878559e-05
1.386851977522991494e-05
1.362775375616018977e-05
1.343449501167317571e-05
1.308444330053130521e-05
1.291253686861953509e-05
1.239493573994506838e-05
1.228234822027042218e-05
1.181014135577540614e-05
1.163737031208747441e-05
1.123982706236911542e-05
1.097429289232058096e-05
1.090354855727250293e-05
1.076895075403739441e-05
1.060062244147518821e-05
1.028340728719339493e-05
1.001906189182580827e-05
9.716481827325645516e-06
9.537371314685174552e-06
9.334257012748466324e-06
9.179991681864509763e-06
9.009843868654949598e-06
8.821139411130953883e-06
8.704185683495490849e-06
8.547412677372698554e-06
8.266927409211011367e-06
8.089649968593244522e-06
7.877904883860632510e-06
7.792758838340643757e-06
7.575589640411497552e-06
7.536791139386487298e-06
7.390156177490640179e-06
7.243645120957790732e-06
7.097912226992307922e-06
6.845933024153418323e-06
6.782052382975166265e-06
6.684000444581259631e-06
6.536466837253429604e-06
6.386279257929974188e-06
6.297717052101934792e-06
6.205903207357633871e-06
6.155031328834374542e-06
6.039582409596410071e-06
5.873124183563607985e-06
5.688322434048279276e-06
5.655971831779990846e-06
5.480901852307311870e-06
5.427883724015724305e-06
5.307398217127075260e-06
5.254402044635410491e-06
5.184459170215194640e-06
5.054817594053194890e-06
4.950627894109391179e-06
4.758399236007558314e-06
4.690172587414411065e-06
4.577569418797331423e-06
4.417365919925589306e-06
4.369743444704586045e-06
4.311237585225948347e-06
4.265759654847178914e-06
4.154585667636759340e-06
4.072683489512523246e-06
4.049810601404566210e-06
4.014219419948904613e-06
3.945206406256913233e-06
3.882129626695435399e-06
3.817448497661100879e-06
3.775726955797933585e-06
3.679419403954605344e-06
3.623203915202166653e-06
3.602468521672189967e-06
3.429025526428905897e-06
3.355087257273390588e-06
3.313760557290663065e-06
3.300457888337081966e-06
3.203957031915087632e-06
3.142684925980743715e-06
3.102051321626801669e-06
3.054451155025820627e-06
2.990359935692287466e-06
2.924939220219578589e-06
2.863908136091170486e-06
2.789289821394062964e-06
2.660743466022875939e-06
2.642991009326799537e-06
2.611121684628274584e-06
2.602638121429871739e-06
2.584294786066230259e-06
2.549766849928338421e-06
2.515241332323299430e-06
2.496040541885349653e-06
2.427375595603348269e-06
2.362798029738183290e-06
2.342751424256174753e-06
2.319104022718717977e-06
2.256518644368362549e-06
2.201200161633272582e-06
2.178950775885091480e-06
2.155266206424745893e-06
2.124021632648532498e-06
2.074294860051512072e-06
2.045338447147816938e-06
2.023518424714125118e-06
1.982414511732984282e-06
1.970411673830022521e-06
1.927466462361740525e-06
1.904528679464950884e-06
1.812455686482952762e-06
1.782493943040656978e-06
1.765493035666151722e-06
1.746739187920734659e-06
1.742616135454301494e-06
1.674665072855214191e-06
1.651151934826500114e-06
1.622570595872536995e-06
1.619635215708978934e-06
1.596756284452006988e-06
1.574581352879733967e-06
1.551039536822172433e-06
1.519772699395644013e-06
1.487516872070375260e-06
1.470362160305449073e-06
1.442335121333336654e-06
1.420578130592768769e-06
1.401941066663026231e-06
1.400792521327930154e-06
1.370593570753740553e-06
1.367131139729620194e-06
1.307528552197669112e-06
1.304537742741279264e-06
1.298994270760942998e-06
1.229423515798333104e-06
1.221651318089309566e-06
1.206837901658367140e-06
1.181261953666463914e-06
1.179282757779922425e-06
1.159370821528061302e-06
1.141211403559222104e-06
1.098842389098138821e-06
1.092575470767874422e-06
1.071921690543262761e-06
1.046652205753879887e-06
1.035554364168502309e-06
1.030513589400410662e-06
1.022153510460752523e-06
1.017970144466190783e-06
9.905125164108924681e-07
9.804696224566084589e-07
9.613640367786625686e-07
9.537878174718361449e-07
9.332269075596718346e-07
9.203317478266863365e-07
9.036635359930366436e-07
8.910066302533649587e-07
8.891133045053341056e-07
8.597903431236645058e-07
8.506167653254040061e-07
8.395969823314622414e-07
8.371804095523130057e-07
8.151196939066244752e-07
7.977956974256688556e-07
7.882681335603323661e-07
7.767603840437752899e-07
7.525128761938483704e-07
7.463073693232727735e-07
7.281114291251073175e-07
7.248747553615426153e-07
7.104492610970816010e-07
6.929085672532541876e-07
6.895759253807069515e-07
6.777899217453167453e-07
6.725919414244858130e-07
6.579935818395813845e-07
6.438966141101700695e-07
6.387857743025391922e-07
6.251629160291467320e-07
6.182231338523569952e-07
6.067739422921844178e-07
6.024095015445911469e-07
5.991818545965763671e-07
5.876502570806739363e-07
5.746265045822987041e-07
5.643485313709784206e-07
5.626725879358177854e-07
5.583912400936082687e-07
5.446651204347605703e-07
5.402601764084453205e-07
5.305010099347194917e-07
5.236807899047476992e-07
5.180377596229444739e-07
5.084743878280062895e-07
5.027737198672107933e-07
4.970845706573853499e-07
4.924112537338035871e-07
4.862803512645361055e-07
4.739296337934712968e-07
4.668290227155157872e-07
4.550131517947561297e-07
4.475553941183895697e-07
4.402377308488160057e-07
4.352318010116757489e-07
4.325557648724259790e-07
4.290079717747815661e-07
4.202584175588825634e-07
4.182828732731147128e-07
4.149910991141676024e-07
4.071867496768448587e-07
4.041883276103860644e-07
3.935882125537474105e-07
3.909647526188267940e-07
3.875312801070484616e-07
3.834585009835821548e-07
3.799916579292632023e-07
3.682653725633475795e-07
3.615338120109865926e-07
3.601700800896330802e-07
3.585597281388501623e-07
3.513010107591954058e-07
3.473470720333338333e-07
3.439779621531162459e-07
3.379451836619405534e-07
3.348410790669405332e-07
3.297358568741825659e-07
3.284187521199474866e-07
3.204342755310630434e-07
3.172324529831563728e-07
3.088982719974573643e-07
3.013974360037029126e-07
2.982918653657339987e-07
2.959178657072733082e-07
2.925010568578734580e-07
2.875850940604744343e-07
2.854619797115531462e-07
2.818984431475373830e-07
2.804207990058213983e-07
2.774787838455647212e-07
2.707131851762525542e-07
2.640105491519978118e-07
2.621653582877398652e-07
2.588204447066462427e-07
2.558766233676446099e-07
2.537259330910820353e-07
2.504427446410775338e-07
2.446649567277208922e-07
2.436621771482640732e-07
2.351523237258585519e-07
2.329764019449118460e-07
2.311886909333327206e-07
2.297533429782534675e-07
2.266521921466771934e-07
2.243979032090774711e-07
2.233150719385395620e-07
2.190643635757781123e-07
2.172189424433191336e-07
2.152122833077706945e-07
2.091746375587496499e-07
2.089824296936136341e-07
2.056184310060828980e-07
2.005401328976925024e-07
1.988674280085980932e-07
1.965966843206509283e-07
1.945997388182739136e-07
1.934071350043905616e-07
1.871703831888763705e-07
1.849093062240671640e-07
1.813136846046071911e-07
1.787916419535917552e-07
1.778193474207274328e-07
1.766168920545258976e-07
1.746370500484418143e-07
1.712340064722681483e-07
1.702231685553135849e-07
1.687515885899635984e-07
1.668575224443920878e-07
1.648944923230883352e-07
1.632814822411931011e-07
1.590995709174009146e-07
1.563166221744239243e-07
1.560930157152171457e-07
1.536390844022307248e-07
1.511962930312174292e-07
1.504645514298321400e-07
1.477038256720016198e-07
1.465440974677634892e-07
1.463408697159778933e-07
1.442290167631511346e-07
1.426682874721269264e-07
1.401293568454557103e-07
1.381891252230167846e-07
1.363389496098904708e-07
1.355306027360728057e-07
1.334114728120126025e-07
1.312814314936995304e-07
1.292792522809724389e-07
1.261024937275435329e-07
1.251479600273948361e-07
1.231029557921078463e-07
1.224486638001145038e-07
1.201902489228733318e-07
1.175687414757091737e-07
1.169091010923203053e-07
1.153227855040502957e-07
1.142993744415126846e-07
1.129234293714495362e-07
1.125167034586357920e-07
1.095160162198621364e-07
1.087683347392896604e-07
1.073462153705254700e-07
1.063138517662228116e-07
1.057790840849396144e-07
1.046610875356483739e-07
1.037277967651588504e-07
1.028891382645920890e-07
1.006359932630085771e-07
9.992036683806129497e-08
9.851095165922719621e-08
9.790585035160002981e-08
9.655289870469618579e-08
9.551911117497679941e-08
9.413239895475925915e-08
9.335732295766889369e-08
9.124681886049000913e-08
9.093255990526718972e-08
9.064733167503427879e-08
8.911666456492493358e-08
8.820463790919369900e-08
8.646080913633132045e-08
8.557698338239600566e-08
8.396432218141714612e-08
8.283561915913240642e-08
8.164921266839434075e-08
8.120621107973959278e-08
7.944508409926537397e-08
7.892470289659258489e-08
7.826979623322954255e-08
7.747238667261583146e-08
7.652935723851516841e-08
7.594606919082549446e-08
7.487630278829886072e-08
7.438364135994145717e-08
7.327414115736999335e-08
7.242351997466354359e-08
7.085812665850305914e-08
6.964746439379836625e-08
6.912445358974187823e-08
6.902235360048704508e-08
6.854581505141409364e-08
6.784959391428085968e-08
6.642020340444505404e-08
6.584271057249102324e-08
6.477239156720290249e-08
6.373175724523525181e-08
6.317783385069689551e-08
6.307765452375202953e-08
6.267450242571505729e-08
6.145275230910032335e-08
6.049263676188764779e-08
5.978540818885040283e-08
5.942670799366935475e-08
5.841333148783687800e-08
5.741314934668951048e-08
5.701387265871536366e-08
5.566456044554065492e-08
5.511362119264426471e-08
5.431564734019511126e-08
5.410846570936678984e-08
5.390803461514962414e-08
5.343947197932527359e-08
5.303360764836760385e-08
5.159735419488259666e-08
5.073196864887877788e-08
4.989187257035407525e-08
4.945510632692484899e-08
4.881343277417884323e-08
4.859967867486923414e-08
4.777820079554603331e-08
4.724645760248189782e-08
4.704511350212950387e-08
4.657574119522479537e-08
4.624226607718361102e-08
4.578880597535977679e-08
4.520250279003766650e-08
4.515473769331875014e-08
4.409712406343353068e-08
4.357700501368001751e-08
4.318170964614666191e-08
4.269293828036923958e-08
4.252862636890559575e-08
4.225702973066442275e-08
4.173532248441596497e-08
4.160864266789065765e-08
4.077075335783231668e-08
4.007494817129529077e-08
3.979476486551922051e-08
3.961389551640395571e-08
3.908009717636042326e-08
3.865909217277055945e-08
3.832146051426499342e-08
3.767757066487897868e-08
3.733424827725932272e-08
3.687758784584824441e-08
3.643899086025137587e-08
3.600857654962438544e-08
3.570724183548155937e-08
3.531718849307865563e-08
3.504852013431769795e-08
3.400787438063878114e-08
3.370259582867348897e-08
3.328062874511999369e-08
3.291093604216037886e-08
3.216776163509768767e-08
3.210029486546026548e-08
3.200175488279592762e-08
3.129643076910873767e-08
3.105643270120497145e-08
3.094009839860179614e-08
3.052229483877129364e-08
2.989163622325450913e-08
2.969818260982773711e-08
2.949841976243623481e-08
2.904608876491737698e-08
2.896805101658090629e-08
2.854950656458656736e-08
2.807658062717601899e-08
2.794752648764110055e-08
2.765341704247591316e-08
2.738615641479463620e-08
2.704378788349541484e-08
2.670741716556318021e-08
2.657510280995255218e-08
2.622852907077931208e-08
2.592262722227126909e-08
2.556909434519293085e-08
2.522360286867536724e-08
2.506311403591932956e-08
2.464003303342548666e-08
2.441624509168188377e-08
2.426771899781332067e-08
2.392748759709576857e-08
2.379800562644041887e-08
2.335179426937874172e-08
2.310254435858029286e-08
2.285154757664241115e-08
2.273257482071914315e-08
2.244134817364252909e-08
2.242180330057414180e-08
2.205041511180054593e-08
2.171166223633623211e-08
2.148102480000479786e-08
2.119289168627142909e-08
2.087188322899825472e-08
2.073467759571650791e-08
2.044538396473943992e-08
2.027033943271920310e-08
2.002067652704821594e-08
1.980968391468161565e-08
1.968307816514092823e-08
1.943966623515628463e-08
1.937931903439276379e-08
1.895601596582739503e-08
1.854732919777663741e-08
1.833775855173468058e-08
1.826766313777468697e-08
1.812025329261762725e-08
1.791565609020209294e-08
1.788028783673019183e-08
1.751070083605859724e-08
1.740966339506760502e-08
1.728543381927139739e-08
1.708862650249460475e-08
1.703483130696590052e-08
1.690595315231652271e-08
1.673683602898244022e-08
1.649036676460001016e-08
1.629364578036759586e-08
1.609982999296020725e-08
1.587916444434616733e-08
1.561265936549053061e-08
1.533497105799561337e-08
1.530302768039870007e-08
1.506919346793321986e-08
1.489880285875995762e-08
1.476045676749511844e-08
1.464036745414174253e-08
1.447665281331173954e-08
1.443167165937436858e-08
1.425499033468989635e-08
1.416306048906173607e-08
1.390480790128439915e-08
1.373608290211127065e-08
1.362524700611474630e-08
1.345473603778696093e-08
1.323458866713135828e-08
1.319456742615222937e-08
1.314367986487260795e-08
1.303739139664886823e-08
1.272715151403767758e-08
1.255871274654848012e-08
1.249952085087159993e-08
1.245458055173659703e-08
1.233660621601833446e-08
1.206898646116898494e-08
1.184664456227994633e-08
1.167230913972621861e-08
1.153586986354099848e-08
1.142871606019736574e-08
1.136023241051257400e-08
1.127836953247459184e-08
1.102817479987947219e-08
1.092936572554367537e-08
1.086418753277452782e-08
1.070322909269468017e-08
1.061609019064176778e-08
1.053487205997126469e-08
1.041341106116006755e-08
1.031638355352383759e-08
1.016667417323398024e-08
1.007869792365728125e-08
9.955200465399375637e-09
9.817085245231478506e-09
9.771485791423901877e-09
9.720680942310879618e-09
9.556458393199551531e-09
9.481573178304847258e-09
9.357139909086905538e-09
9.286681457402471640e-09
9.265124538562662753e-09
9.120991128992504998e-09
9.015289736093959550e-09
8.882419710762757482e-09
8.726792093872283306e-09
8.680331700385565916e-09
8.573065232243145592e-09
8.417691291862181122e-09
8.334701134618404175e-09
8.287670435826238202e-09
8.240173536764252811e-09
8.048047185278466950e-09
8.036416295706021384e-09
7.991852461162937837e-09
7.940040179051377889e-09
7.806055506969613779e-09
7.654327694114962803e-09
7.533340658992772366e-09
7.525974332748253271e-09
7.455239229842902764e-09
7.424903665794982568e-09
7.317391520711183263e-09
7.197586483517860379e-09
7.114233435892520693e-09
7.006524880374231130e-09
6.944331239158241869e-09
6.860835647327121275e-09
6.780184184774584577e-09
6.721514971025925124e-09
6.686362433335295138e-09
6.511047304874762848e-09
6.486170940146316048e-09
6.388271630416206604e-09
6.372187502671414659e-09
6.305843315148210700e-09
6.142907991404927990e-09
6.107485741712517829e-09
6.002670841729467087e-09
5.872833581680845169e-09
5.861137368581523344e-09
5.779255783406335528e-09
5.770301856223438084e-09
5.733083046535047903e-09
5.681387187493314411e-09
5.577928776880723762e-09
5.506138065332947368e-09
5.465329374227497673e-09
5.369605390014365200e-09
5.346151057893156460e-09
5.249882114328837317e-09
5.236236934148694044e-09
5.193639109878768236e-09
5.115759324714394298e-09
5.026883726571129344e-09
4.983907021997660173e-09
4.963395689660865125e-09
4.906694692011006914e-09
4.868146748537008441e-09
4.816084835278852418e-09
4.773921457415660997e-09
4.692141814330918636e-09
4.648772765026882623e-09
4.610388891035586759e-09
4.542463448905386013e-09
4.425051837322810988e-09
4.410982728331036105e-09
4.357383766347997744e-09
4.308801998262363676e-09
4.273523270490591548e-09
4.203200014998158165e-09
4.186343390040518456e-09
4.155540634752652668e-09
4.078308629994072062e-09
4.046957000670037934e-09
4.024317882814726965e-09
3.960457567072612281e-09
3.893411154675522663e-09
3.841545448432548607e-09
3.795177363980840142e-09
3.772419232131256253e-09
3.751262426193530300e-09
3.729321196225123711e-09
3.694833411826804230e-09
3.618489568868673689e-09
3.561995995417116111e-09
3.528657612340003373e-09
3.485771366907140000e-09
3.441582547559582280e-09
3.428578349949412585e-09
3.394094080039765663e-09
3.336058815411440000e-09
3.321373645170715688e-09
3.287867769147299555e-09
3.225922019629707082e-09
3.177867615242132032e-09
3.113305587080763684e-09
3.064881348075180373e-09
3.027069336356833878e-09
3.024354908621070850e-09
2.989743945191644671e-09
2.944362422896684328e-09
2.931046164943368634e-09
2.900880893900507365e-09
2.864271141673422141e-09
2.832973066345283426e-09
2.821965112653971626e-09
2.786230905032050770e-09
2.762416304530219771e-09
2.729140479576869008e-09
2.682307819696785183e-09
2.663551066766981925e-09
2.654406519986274535e-09
2.611494733061326609e-09
2.586909796066750864e-09
2.549737662705837491e-09
2.540473903846564403e-09
2.498765136478242464e-09
2.472770122395833983e-09
2.433045161584427175e-09
2.425725882488004504e-09
2.421193627553022969e-09
2.362560881710975895e-09
2.357746151145670857e-09
2.335394875917936016e-09
2.263021909043857729e-09
2.254703544150323024e-09
2.241099138054869425e-09
2.230828344488937427e-09
2.197045434160271068e-09
2.191973737521220887e-09
2.127603644497669735e-09
2.119325371839550228e-09
2.058161684416115760e-09
2.031399219102747755e-09
2.018491939949370843e-09
2.007006097223741649e-09
2.006103562947951005e-09
1.974056642803115362e-09
1.940094105914393215e-09
1.934436925756586582e-09
1.909086640763264775e-09
1.869204066597892014e-09
1.841881370201803692e-09
1.809457923448251393e-09
1.802230686105883136e-09
1.799607713731017888e-09
1.788105301204578140e-09
1.773701543090606525e-09
1.743796298759657742e-09
1.715390747435390865e-09
1.709202624206823398e-09
1.677748323189008616e-09
1.671075155855576285e-09
1.656713394262590701e-09
1.640577001085570546e-09
1.613696884020062083e-09
1.605352659169767198e-09
1.591097698462679772e-09
1.567570565790063705e-09
1.536902994009840550e-09
1.519447874890700392e-09
1.507245499134158572e-09
1.492536372459631124e-09
1.455223070726135220e-09
1.446406803458745908e-09
1.431780346436724400e-09
1.410526497198829586e-09
1.401444849700635030e-09
1.388945663259172417e-09
1.363472689958771288e-09
1.355014357478746712e-09
1.337841663994113713e-09
1.326327095784764749e-09
1.312153310315925012e-09
1.290072780175641515e-09
1.277543306503608028e-09
1.263415170635493042e-09
1.252863453112589673e-09
1.212942639644737016e-09
1.206110958673654994e-09
1.200405849293014432e-09
1.195105071516350257e-09
1.168467837318220166e-09
1.140402090128545434e-09
1.133564542708383632e-09
1.126806139306348393e-09
1.116351131500904586e-09
1.113449650154442281e-09
1.101824383975876388e-09
1.096175664043478797e-09
1.073076660839816821e-09
1.067723195161055141e-09
1.056678631724949316e-09
1.055389374360184088e-09
1.038097445021618629e-09
1.020905945997692494e-09
9.989852212479004784e-10
9.939798378494844956e-10
9.884622967669577783e-10
9.837414315885733976e-10
9.541085445766549161e-10
9.501283959340150118e-10
9.375003869563390977e-10
9.215709657070531123e-10
9.086600893326355736e-10
8.929553310588318875e-10
8.807618436458497251e-10
8.744299912562958639e-10
8.695563683696462495e-10
8.584542333860674482e-10
8.420975558923651164e-10
8.351256196903767009e-10
8.275374027886457888e-10
8.178291343642449364e-10
8.109206839837542085e-10
8.017314214218472681e-10
7.997283541001119703e-10
7.831974805721501667e-10
7.798434769682390846e-10
7.672517930956882092e-10
7.632436656610026464e-10
7.551545971424468172e-10
7.487063829952244065e-10
7.457714594149083629e-10
7.260727142178653204e-10
7.214059581549974129e-10
7.145694375165133903e-10
7.002638024039256101e-10
6.960430603941878449e-10
6.916413718061687244e-10
6.830294280458982085e-10
6.762290184366790263e-10
6.627558557074856513e-10
6.591238013140236208e-10
6.538384048025521083e-10
6.512195063492707713e-10
6.386084526786331823e-10
6.355383615864315959e-10
6.238351004039556972e-10
6.205688355565588998e-10
6.099907678414018783e-10
6.013060182032282771e-10
5.927382439699813643e-10
5.840711132948182809e-10
5.778148569780964628e-10
5.723842264667349952e-10
5.681777623903576302e-10
5.638573696731195467e-10
5.568134839161454272e-10
5.444049460746580658e-10
5.385209308850375787e-10
5.311928777283456380e-10
5.251398805349604405e-10
5.219279103725158997e-10
5.170903128188298564e-10
5.131056987579641914e-10
5.086014704361053505e-10
5.036557273603684371e-10
4.989472222180137180e-10
4.924934041064727732e-10
4.889253385298982292e-10
4.799789989247148580e-10
4.719401079623910042e-10
4.687373603480551672e-10
4.652985206349816401e-10
4.610347950782150632e-10
4.573331979525421766e-10
4.508928482304891433e-10
4.418325390293660617e-10
4.388566148864114432e-10
4.370249157445865578e-10
4.305981838281941505e-10
4.216810594913314370e-10
4.186676130403836284e-10
4.115642328060091173e-10
4.048875322020119108e-10
4.032685071372856069e-10
3.990927387252025609e-10
3.961103173380827638e-10
3.881944092955161011e-10
3.838755064540579986e-10
3.806647454672482714e-10
3.708134833576327893e-10
3.694671578745770779e-10
3.663360265006288015e-10
3.591030201590205011e-10
3.582085324575970408e-10
3.515446398599468435e-10
3.497325474377912786e-10
3.457088421886388276e-10
3.424048381164250922e-10
3.382015323557101635e-10
3.315035442369254876e-10
3.308380377777957482e-10
3.270276417919924357e-10
3.213006983676114659e-10
3.141104469800923163e-10
3.123234091635495406e-10
3.078976666339839738e-10
3.046204723286735908e-10
3.040682032156122713e-10
3.012325242882417728e-10
2.945528314743587351e-10
2.937868699268579924e-10
2.922679601850919770e-10
2.882753049605556172e-10
2.842851138777036907e-10
2.792878814245325978e-10
2.781623707179760313e-10
2.735892925734360972e-10
2.705353875432701347e-10
2.663935697052887081e-10
2.657076257689902384e-10
2.603730835832093818e-10
2.549825396907574687e-10
2.522454741371942565e-10
2.498275140003167111e-10
2.476759177048771572e-10
2.448337071520958935e-10
2.422477323807795408e-10
2.376052929322743912e-10
2.363318915457103717e-10
2.336933544095434353e-10
2.288240699549113687e-10
2.269685938171668170e-10
2.255604908891617271e-10
2.234455113162225546e-10
2.225107984368293747e-10
2.186103335001848074e-10
2.161929312046479190e-10
2.132449968083200096e-10
2.087294433483238247e-10
2.057910274963747481e-10
2.041148079796550437e-10
2.018445791494085785e-10
1.967378151066851762e-10
1.955900202160777791e-10
1.949804029565213336e-10
1.910020841520882715e-10
1.883261251145931202e-10
1.874574412680759830e-10
1.860084916892786707e-10
1.819836989905728010e-10
1.814184103686740939e-10
1.797534241777530603e-10
1.783428036811265183e-10
1.753145312925147668e-10
1.735188910463747164e-10
1.708110736065931485e-10
1.686258425800160800e-10
1.668365454208220927e-10
1.639361695512951051e-10
1.627701606097829031e-10
1.602530839835454250e-10
1.591648743187528652e-10
1.574988093267657873e-10
1.545947072673634526e-10
1.518073786710399473e-10
1.509652247713356129e-10
1.493938349877509393e-10
1.463416022046451971e-10
1.438069881457099960e-10
1.414774403634918098e-10
1.403239731539435069e-10
1.395905389522958871e-10
1.375610559844142920e-10
1.370140373928026092e-10
1.358574149426631200e-10
1.342464242182897637e-10
1.312067367167746009e-10
1.302751581422314555e-10
1.282019947675347978e-10
1.276768802503444036e-10
1.249231917065760834e-10
1.228326595567793489e-10
1.221311359789014198e-10
1.217978067900599994e-10
1.198376287262582163e-10
1.183383355058520191e-10
1.181563700735664651e-10
1.168648050889890199e-10
1.164438215616779854e-10
1.149955178096351753e-10
1.138742462637788358e-10
1.124982484623201326e-10
1.104723759043809415e-10
1.087247399341224796e-10
1.077175971645716861e-10
1.070766715592956421e-10
1.042339545005888782e-10
1.022357237934257049e-10
1.022104688136001943e-10
1.008864859020663915e-10
9.976818882602113401e-11
9.800075058351470193e-11
9.681882639115450786e-11
9.623528720297160958e-11
9.587148323135150632e-11
9.469955210133345706e-11
9.387322495750951735e-11
9.232129959912685734e-11
9.007431523761719057e-11
8.845039937726431410e-11
8.799079621178244998e-11
8.766797172551158928e-11
8.624182723093062154e-11
8.604335531274734673e-11
8.536471537905810482e-11
8.439098175840930404e-11
8.385677017447042593e-11
8.338474414538360916e-11
8.205396610139013090e-11
8.098006383608568227e-11
8.016687308072329319e-11
7.979590494686898055e-11
7.826113853689635671e-11
7.739232523412135711e-11
7.601700351165530291e-11
7.540909461011623993e-11
7.427269548498177442e-11
7.375802497658523391e-11
7.330990771704550254e-11
7.238264608561154113e-11
7.069997665846485900e-11
7.021350000448105715e-11
6.959481579238090088e-11
6.885487787827982840e-11
6.690331913843547991e-11
6.621895530222292482e-11
6.590899108990379299e-11
6.538187426425727777e-11
6.475240931100965838e-11
6.387089508678174226e-11
6.345944035851037165e-11
6.275028154007218390e-11
6.226175075262510712e-11
6.170110904609208503e-11
6.092721391124416402e-11
6.013300369677401061e-11
5.914180810789010965e-11
5.872707694634574352e-11
5.786072916927649127e-11
5.777445920856838927e-11
5.636239259933111260e-11
5.606153191710665125e-11
5.519137770347570563e-11
5.412388362148996718e-11
5.380928815325267830e-11
5.327055560109077157e-11
5.271342858500108280e-11
5.201416288644255402e-11
5.110973402015303429e-11
5.057098706614566637e-11
5.009429406865864251e-11
4.953705283601215054e-11
4.890566617207000891e-11
4.818401516385178693e-11
4.768785393899983805e-11
4.738720172869215626e-11
4.664061872083208338e-11
4.574666107110615338e-11
4.532661482500966123e-11
4.462770164298921932e-11
4.434305666217786684e-11
4.383385836407819220e-11
4.305975672343945149e-11
4.292300641698154868e-11
4.237394299698656770e-11
4.218596882936708102e-11
4.177330982999529378e-11
4.050802667403874172e-11
4.031281574131554651e-11
4.004297649352214252e-11
3.939168448119400899e-11
3.887810509850986707e-11
3.830643352494199719e-11
3.801664038552119301e-11
3.751371812942506241e-11
3.718191888086468279e-11
3.673355839394565621e-11
3.650671075958087890e-11
3.606850306075629296e-11
3.536622334769289860e-11
3.490367306550934183e-11
3.454176426018362738e-11
3.439873489363631414e-11
3.382108412488234393e-11
3.362067853655937008e-11
3.309062990702135852e-11
3.297332119042415796e-11
3.240249334364630203e-11
3.203966094687299855e-11
3.180992936711587015e-11
3.128777437943704990e-11
3.093561092530879426e-11
3.038497412962115827e-11
3.028904514981392242e-11
3.000228720914346889e-11
2.948100117217630101e-11
2.905967467735976674e-11
2.854354520274349025e-11
2.814858808716060939e-11
2.808365093220315170e-11
2.764411802187216113e-11
2.740124178298292046e-11
2.673050543717369579e-11
2.644233250405254877e-11
2.637895175825007102e-11
2.624427454257944210e-11
2.586558931862570689e-11
2.576371710610234760e-11
2.517052653120538758e-11
2.456588176727185565e-11
2.422010663603881004e-11
2.404262833113776694e-11
2.375364491688668152e-11
2.350443621271252342e-11
2.305935276626712578e-11
2.295079059075000407e-11
2.231762616646713832e-11
2.195199382098916826e-11
2.184275193090648670e-11
2.181497109443129139e-11
2.163352653237484813e-11
2.114322565066266546e-11
2.105118161465210352e-11
2.083114806711567493e-11
2.061858579701660196e-11
2.055710824845297923e-11
2.045109266644081584e-11
2.037261146176138386e-11
1.989559395677611323e-11
1.978391464174816386e-11
1.960707682374930199e-11
1.920535491339905400e-11
1.886644683256066509e-11
1.882320016304018256e-11
1.868268396904639621e-11
1.834913530842705276e-11
1.819765835428390345e-11
1.803883707821568547e-11
1.773441876497156798e-11
1.744922229823747073e-11
1.728233142582234511e-11
1.712637773621326874e-11
1.691204976714310683e-11
1.670281707007532816e-11
1.658633956264371691e-11
1.634372860341169904e-11
1.607126628177179235e-11
1.583441186005445227e-11
1.565250182363346011e-11
1.548047041943473895e-11
1.530376637329857536e-11
1.507460193193565327e-11
1.488204724829805207e-11
1.485357873519567907e-11
1.463367439047616908e-11
1.442828623769542178e-11
1.422371390202693865e-11
1.411505850946914136e-11
1.398456393002569755e-11
1.382583397963178869e-11
1.373469243837479732e-11
1.324517461364856818e-11
1.317851494138870791e-11
1.297349679691366047e-11
1.283412389778797856e-11
1.277885816701631697e-11
1.267225346414016166e-11
1.247487338243779932e-11
1.241927673728791592e-11
1.220209143567731538e-11
1.214712821977161303e-11
1.194537031061308854e-11
1.172923836776311969e-11
1.149388126730492074e-11
1.139196245371580604e-11
1.131054130814764334e-11
1.128464636621951648e-11
1.118745392489859303e-11
1.099195146851377659e-11
1.092557287188752686e-11
1.075410920742402561e-11
1.049705195813861258e-11
1.039423576260773333e-11
1.029026709097200365e-11
1.019101241521177107e-11
1.003284578495898194e-11
9.861484391597608609e-12
9.614729232134125947e-12
9.577587951232761862e-12
9.366354821411571685e-12
9.336205674322425772e-12
9.242133091772584244e-12
9.216911023490960371e-12
9.005940821210446472e-12
8.932370380871960540e-12
8.850081728716482078e-12
8.794219848184916105e-12
8.708356301931041173e-12
8.549319883257968314e-12
8.479480946728269927e-12
8.437364977162912867e-12
8.302331501347244456e-12
8.252334539826193069e-12
8.142493979881436592e-12
8.045375894860113185e-12
7.968594797073049696e-12
7.782660778500812451e-12
7.754933827122493493e-12
7.699863737354391177e-12
7.683456870573245080e-12
7.556842611460675260e-12
7.497171435615822387e-12
7.389943839420656945e-12
7.287073923413561099e-12
7.236415719263745934e-12
7.134306901380619724e-12
7.094382767391883425e-12
7.073824946847664640e-12
6.971868146267618501e-12
6.949813982355362831e-12
6.780849855937470978e-12
6.653750939464955562e-12
6.644372924358412345e-12
6.528215569177198288e-12
6.446837720094200523e-12
6.402186217381997398e-12
6.341076179735586480e-12
6.290034370499211442e-12
6.187297501989768293e-12
6.121028914288574914e-12
6.046528952093096413e-12
5.996557756349336964e-12
5.895652778563560128e-12
5.864104369874297509e-12
5.750948057194685229e-12
5.654890687290240187e-12
5.619289654627075661e-12
5.544552348909745641e-12
5.475426344649566928e-12
5.442292161086596996e-12
5.416580221412865092e-12
5.277534002709128706e-12
5.159628656758733979e-12
5.120587453514960061e-12
4.998168320488400772e-12
4.947666431528539157e-12
4.889230638035399238e-12
4.865354859798371618e-12
4.802093963693015429e-12
4.694105813537682815e-12
4.661574359477692463e-12
4.610362071210628001e-12
4.559628024232524319e-12
4.481922049126930172e-12
4.448969089653479556e-12
4.347419841333904162e-12
4.284272245360631888e-12
4.272941606053500262e-12
4.250445644277420979e-12
4.190163580710861849e-12
4.140466594080109970e-12
4.103171573856654109e-12
4.064807619354635870e-12
4.038618403195791593e-12
4.003469039373921490e-12
3.857084352864694125e-12
3.789543566426612699e-12
3.769022839667331598e-12
3.716475482838040918e-12
3.656900141039561959e-12
3.619454803645054810e-12
3.611441995839932349e-12
3.574468015052768509e-12
3.554539900884474846e-12
3.510230513716802847e-12
3.447533523864505957e-12
3.434627380549952544e-12
3.373497127450163572e-12
3.329265444258570275e-12
3.269260327105990058e-12
3.230119600137972903e-12
3.222628813628942495e-12
3.194224887799417257e-12
3.153831977912154809e-12
3.136701473770941883e-12
3.046522839114237160e-12
3.043313716746380957e-12
3.031609844837631388e-12
2.960744549612089820e-12
2.947375434370095681e-12
2.918542941401578185e-12
2.901608522748244483e-12
2.873490237176352906e-12
2.805572424355005025e-12
2.796983095681694964e-12
2.742055406532296896e-12
2.677088557224973343e-12
2.664636129588999754e-12
2.638705577909618752e-12
2.591835136925838923e-12
2.574391991977126612e-12
2.566957414760912331e-12
2.520257342574603298e-12
2.500111111672681025e-12
2.450178852961425449e-12
2.426407936991184139e-12
2.389438021324089365e-12
2.376638019589473338e-12
2.367150558752051902e-12
2.328484548588441721e-12
2.304182935424885018e-12
2.296051821370391591e-12
2.291458475485085227e-12
2.263645030766090165e-12
2.248470875840980262e-12
2.199311118292704715e-12
2.181378395212808150e-12
2.138885376015043652e-12
2.104275411465175822e-12
2.091560802351847433e-12
2.067905275737396296e-12
2.045898043943628803e-12
2.018341450768855180e-12
1.985828862846030472e-12
1.959268800938465188e-12
1.946461722663104863e-12
1.919674830962666415e-12
1.904174983363229372e-12
1.880341036967258766e-12
1.861578476797623978e-12
1.843190975788165498e-12
1.808183175354598243e-12
1.795902691484649562e-12
1.781564714235265818e-12
1.770265378208349904e-12
1.713410551104762697e-12
1.708206822817598088e-12
1.689907563227044525e-12
1.657999553188717391e-12
1.629045476492274441e-12
1.626273481028371623e-12
1.616089307837767770e-12
1.613731073394204986e-12
1.582045275522199371e-12
1.571130094422825645e-12
1.556862602233475278e-12
1.518716855434770913e-12
1.502490226668296594e-12
1.494663359433328588e-12
1.454108633267936153e-12
1.450951753792088140e-12
1.440339150678014678e-12
1.411559842279550556e-12
1.397950413470638845e-12
1.382629112833159138e-12
1.331639081566690867e-12
1.327138827193307831e-12
1.317868997710527790e-12
1.302442245365572326e-12
1.282528282776682996e-12
1.280671946425536841e-12
1.273526369789032605e-12
1.251389847258457985e-12
1.247141913122735905e-12
1.217560518519092018e-12
1.197520683597864644e-12
1.193753396958105075e-12
1.176799742613849301e-12
1.157127128330369192e-12
1.144839727919799372e-12
1.134934236459999421e-12
1.105867040373266907e-12
1.104288579286835169e-12
1.092793929297313824e-12
1.081854139113004663e-12
1.068177968958101797e-12
1.062278714425693286e-12
1.055134696680498812e-12
1.046700816211792091e-12
1.027560867241542462e-12
1.015994484769545017e-12
9.816653714462880511e-13
9.803710836599129747e-13
9.717039558277370718e-13
9.621553087477343913e-13
9.447447729146839373e-13
9.404197664154733738e-13
9.266911284517231218e-13
9.078097588228516991e-13
8.970353716299003227e-13
8.803116537515976517e-13
8.748577022340791810e-13
8.567082939551811980e-13
8.465214391726557638e-13
8.433112471241247287e-13
8.287674365335360327e-13
8.205148917759277149e-13
8.123516771755379463e-13
7.950308765798852798e-13
7.885286490322342279e-13
7.776830017217711836e-13
7.716059222512280862e-13
7.580331808576903800e-13
7.383529125332306526e-13
7.346962052922615907e-13
7.331173528439977967e-13
7.249412882441778797e-13
7.138915574963024773e-13
7.039096959452358681e-13
6.994796817909795356e-13
6.888471405110759679e-13
6.769358597495095304e-13
6.747759653887104580e-13
6.569647303808215582e-13
6.476045718559832277e-13
6.443044127444017945e-13
6.410867578520331588e-13
6.336879021917855767e-13
6.266903172194186095e-13
6.226619711923497334e-13
6.071013463994435242e-13
5.968337005287343198e-13
5.941686903087491549e-13
5.887226308632426209e-13
5.805610353834473619e-13
5.752000110480336946e-13
5.689495500328967436e-13
5.659324046400806169e-13
5.532649646809279688e-13
5.455486257772791112e-13
5.414817976545644718e-13
5.276119166097665019e-13
5.249241249750124278e-13
5.191652403351700066e-13
5.145836049381281781e-13
5.135320428313570642e-13
5.028200211207074943e-13
4.971973413084324564e-13
4.924062145819631690e-13
4.865095013204887622e-13
4.808969011890565082e-13
4.755333660855598857e-13
4.672512004589208936e-13
4.621296238095636641e-13
4.577375278688358495e-13
4.493276997263378663e-13
4.487306488009013529e-13
4.388405365319750087e-13
4.378829038917933056e-13
4.270168767054246792e-13
4.261399029734423610e-13
4.236644224017410432e-13
4.138109625943418886e-13
4.084648936785175961e-13
4.057714187104519494e-13
3.981023421276264207e-13
3.954102564864901747e-13
3.935662981259669307e-13
3.850238445106525082e-13
3.791393091769697536e-13
3.747674431637529732e-13
3.720412401864791721e-13
3.648882344918040859e-13
3.585242448275864171e-13
3.537814242435790219e-13
3.498514385859873624e-13
3.458075019388903415e-13
3.426234079448864164e-13
3.358474779549593895e-13
3.333812594637047296e-13
3.324485031132435303e-13
3.250292013095971744e-13
3.208035643948039519e-13
3.171631927746705112e-13
3.162622642746711726e-13
3.009360714990288243e-13
2.968295103488617151e-13
2.952599261036629082e-13
2.947921837995703708e-13
2.892846220568357936e-13
2.862025473942214707e-13
2.814694404878089767e-13
2.734745820503876287e-13
2.711318798035765544e-13
2.678673597372077580e-13
2.660410841728287736e-13
2.609392209660827974e-13
2.598043327134041672e-13
2.575908164844550779e-13
2.509151288465353705e-13
2.497338148876994157e-13
2.476827404874522715e-13
2.399188624330586532e-13
2.388581226613179007e-13
2.353630114197866768e-13
2.339536819592932210e-13
2.296446479701519673e-13
2.282652615437884382e-13
2.232833711098948005e-13
2.200821462001277383e-13
2.180146530552647790e-13
2.159866344470908022e-13
2.096059035643291441e-13
2.072317163199874393e-13
2.047205333670230355e-13
2.007755864279876143e-13
1.985668395217932458e-13
1.929763493186160187e-13
1.893214681352242476e-13
1.859653288352069729e-13
1.817972970391383238e-13
1.786641350020874769e-13
1.769858087300614939e-13
1.746475763895665258e-13
1.684545693822346966e-13
1.647688305611401725e-13
1.624458289086926616e-13
1.599389841367644029e-13
1.557334396797292079e-13
1.548384828886403065e-13
1.526506848607589138e-13
1.497683406080537817e-13
1.486886898736631981e-13
1.477959310606930073e-13
1.455265164287117809e-13
1.396124177605590101e-13
1.391279259971699873e-13
1.365510551228719668e-13
1.341362046377277511e-13
1.310393785801057808e-13
1.303305064462878292e-13
1.272529375412989433e-13
1.252319325125184045e-13
1.233697758006226620e-13
1.207762616265558933e-13
1.196496136167086485e-13
1.158787339804132479e-13
1.139007219837719655e-13
1.114720932552625265e-13
1.089699850780125861e-13
1.069412611529282879e-13
1.059980771473217449e-13
1.028295614836747024e-13
9.983852645151272509e-14
9.814580455233989695e-14
9.564423155502067074e-14
9.438707988101362098e-14
9.337840680453062232e-14
9.114617876478531401e-14
8.867289151747829492e-14
8.683997577060287456e-14
8.401501742507954073e-14
8.224586439479647435e-14
8.009825317356270223e-14
7.718994058166559938e-14
7.625202854914838297e-14
7.437041205440877586e-14
7.414522237114584750e-14
7.223068247402347821e-14
6.888598387308884099e-14
6.705657562519454326e-14
6.608380001358593123e-14
6.516693421118896769e-14
6.481365282951070808e-14
6.167009183721592673e-14
5.818440135038983211e-14
5.334103666584100629e-14
5.169434753364290602e-14
4.905046095407181967e-14
4.818529584854252644e-14
4.674191774162235563e-14
4.538797266245343801e-14
4.391316194711204912e-14
4.332392074979242979e-14
4.107311839807465146e-14
3.782670857586473823e-14
3.578298553890332764e-14
3.503389489682374870e-14
3.320637781834668344e-14
3.216623701092071189e-14
2.696896036131682209e-14
2.415749553911145331e-14
2.215917654017111056e-14
1.986562924311040544e-14
1.305735035667057211e-14
