6.291669325262500001e-02
1.987412715270295283e-02
1.870701445380622968e-02
1.150387444728580982e-02
9.026848987558551071e-03
7.834425336466102271e-03
6.576428324306477120e-03
5.693812483407519227e-03
4.203760809192483815e-03
3.996174156480597484e-03
3.500711859438448027e-03
3.178943200416556227e-03
3.071807112380122752e-03
2.310673854522687920e-03
2.181913385137536181e-03
2.059681361187025439e-03
1.985990053181303089e-03
1.780022310406817899e-03
1.727159741437656309e-03
1.468577986705900352e-03
1.329717970427685917e-03
1.320100932672591118e-03
1.154225242455841254e-03
1.134076662876918424e-03
1.022838556647894534e-03
1.001395373573628822e-03
9.361402616889590413e-04
8.743759610247765117e-04
8.062177015772546479e-04
8.034546076112309646e-04
6.720222082077103882e-04
6.379460118259369520e-04
6.267189103457216151e-04
6.015868410970379209e-04
5.808936152345316921e-04
5.377341081093913377e-04
5.107693556930860976e-04
4.839027261705837100e-04
4.377574220936268591e-04
4.254047414808881855e-04
4.039988376570895017e-04
3.985717727606809279e-04
3.914009915950211272e-04
3.741154256326709865e-04
3.588358248723014341e-04
3.419117739166485669e-04
3.209335821930789823e-04
3.001731953494882546e-04
2.946899388117068109e-04
2.811417710550985103e-04
2.679297716140045457e-04
2.436559816422286147e-04
2.395577292072373690e-04
2.359953207145295520e-04
2.240741742011594616e-04
2.145395168419110120e-04
2.108096288161205188e-04
2.008483320620692465e-04
1.941285737100548138e-04
1.838025596675937358e-04
1.798546082537279191e-04
1.772187236204872439e-04
1.688623873682559178e-04
1.601968287101674738e-04
1.499955765372826938e-04
1.457537832150935955e-04
1.399333280612226002e-04
1.382370467746984923e-04
1.299099513459779263e-04
1.290264483472404586e-04
1.261924225469456895e-04
1.199675374685651085e-04
1.173983372408468915e-04
1.127973787013084283e-04
1.099162679995975534e-04
1.064280044723930825e-04
1.009587009402553330e-04
9.724716778727619175e-05
9.204924759590097489e-05
8.864398766180608437e-05
8.756144122185000121e-05
8.639814284139312774e-05
8.429002758200827264e-05
8.148336994992077392e-05
7.993921770244024401e-05
7.560122834058729320e-05
7.302506045327141675e-05
7.144974923594482423e-05
6.951083883338546017e-05
6.906040289193863526e-05
6.660815252587475293e-05
6.576328205043182511e-05
6.017100400686116473e-05
5.885402047949084753e-05
5.854537505388521576e-05
5.581607609987082586e-05
5.473977483044225809e-05
5.401218807803621522e-05
5.144792935320818383e-05
5.123829497622540470e-05
4.896156016824247431e-05
4.716904077052611044e-05
4.576512146673209196e-05
4.470219222986657995e-05
4.384723877282094149e-05
4.283846383817264925e-05
4.188703015922324359e-05
4.120265532526940123e-05
4.094435984091772347e-05
3.813232320423912234e-05
3.677007604702907498e-05
3.636809801625226799e-05
3.553937572829323838e-05
3.397443333583749942e-05
3.334130108330075876e-05
3.259182688404178152e-05
3.211497048581829944e-05
3.098555719182202820e-05
3.054185394028384579e-05
2.940512722409885084e-05
2.879689630147767531e-05
2.828711800249941619e-05
2.734521679051786627e-05
2.709780813093113955e-05
2.641580264461151147e-05
2.577526031136516529e-05
2.497401491583910396e-05
2.444243283089042289e-05
2.330668817993084387e-05
2.277976629816541826e-05
2.211204310009177461e-05
2.186270120102302186e-05
2.142314304966487821e-05
2.120224136016357323e-05
2.024439720587622383e-05
2.001209547776557697e-05
1.927655884236211570e-05
1.899159991461622568e-05
1.790654619078640026e-05
1.762913988010401072e-05
1.750089117236297074e-05
1.687195450409175116e-05
1.641471586770697669e-05
1.611349995360327985e-05
1.574005560104146614e-05
1.553699004707460461e-05
1.526772914820278204e-05
1.484375771545557170e-05
1.447169093225772291e-05
1.406258977995891343e-05
1.395899296370747123e-05
1.365985826550724227e-05
1.322285969488821290e-05
1.306575885213801781e-05
1.272454618296933934e-05
1.251536987425783031e-05
1.219846207178114429e-05
1.181830670821664242e-05
1.168529984838041439e-05
1.123644178194360693e-05
1.096711039572619450e-05
1.087802992457790813e-05
1.074909580537745403e-05
1.058981148883112988e-05
1.013939274465942002e-05
9.986839111953304171e-06
9.678034532226039883e-06
9.621514722154042210e-06
9.385665073640180324e-06
9.138159190481800391e-06
9.086534703554610437e-06
8.855621638183222864e-06
8.563448962410193051e-06
8.421902324889270412e-06
8.353690487641726628e-06
8.027089792025121311e-06
7.896270138385397440e-06
7.819364662775427294e-06
7.642805166441507677e-06
7.509872641643602789e-06
7.428067797308727466e-06
7.199725119560449546e-06
7.095938678057439866e-06
6.849802531794072228e-06
6.774363969001330634e-06
6.682236042468546686e-06
6.455873608208043438e-06
6.362602555228652231e-06
6.339455069658453340e-06
6.254863470579150176e-06
6.172440606669395416e-06
5.984766859097857739e-06
5.903625944654877371e-06
5.764568326774436636e-06
5.671316614909684312e-06
5.495963207702294102e-06
5.419473975945584055e-06
5.273944332629496152e-06
5.247749665431536836e-06
5.106004016717088847e-06
4.976207933258066986e-06
4.921333813996606628e-06
4.760631434366219030e-06
4.709059544356787366e-06
4.579818501338226879e-06
4.437792564958591229e-06
4.383685646602652801e-06
4.335402192400722328e-06
4.307309133143915371e-06
4.143640541146573985e-06
4.117006589910173965e-06
4.048594321023765755e-06
4.038341520131153520e-06
3.934131895025531614e-06
3.887649713996262443e-06
3.823616033026263254e-06
3.797325941404585734e-06
3.643105211395677738e-06
3.595113789792246052e-06
3.553722361538819756e-06
3.430677981818306348e-06
3.404422541416239925e-06
3.330395859342604317e-06
3.248338709606769945e-06
3.180259192529702275e-06
3.136419853352813012e-06
3.076339885973434228e-06
3.039832770324187216e-06
2.981790638186255033e-06
2.927784856441977836e-06
2.876689403971875139e-06
2.804605264421924731e-06
2.670862783334843042e-06
2.662415841589165084e-06
2.625877782625896156e-06
2.597963884032807080e-06
2.578035845420709444e-06
2.555331593314528805e-06
2.525551644489892875e-06
2.490055174516063202e-06
2.439845993689828499e-06
2.399343442124589105e-06
2.344259677380219003e-06
2.326512190873286359e-06
2.260231985414063862e-06
2.211192973138277626e-06
2.172096655758712151e-06
2.152963017657876900e-06
2.107889587290602811e-06
2.058521853929497360e-06
2.040908893053140925e-06
2.019869809820178604e-06
2.008113411981083467e-06
1.965332564806504558e-06
1.926676190853783735e-06
1.916694772985222023e-06
1.813569941802827572e-06
1.793139691215700664e-06
1.762078733842886373e-06
1.750227252758011856e-06
1.736433591603660048e-06
1.664735926062598496e-06
1.661085938271316395e-06
1.643918559646063508e-06
1.620225695194846904e-06
1.598203434740966602e-06
1.588185173980256614e-06
1.542866309895889545e-06
1.510420280801341930e-06
1.495400775430300641e-06
1.467160262031996631e-06
1.455754110173922416e-06
1.424962803299464872e-06
1.404094208606841919e-06
1.396843096364257374e-06
1.372852525318982088e-06
1.349098520348183754e-06
1.322826564233225093e-06
1.295890359755883332e-06
1.277103696882365955e-06
1.231073348485102592e-06
1.225977886387785479e-06
1.204019486609486150e-06
1.181364397337007464e-06
1.175923189797696651e-06
1.162153015480649897e-06
1.143049621124280495e-06
1.103738910620684382e-06
1.092312422064404219e-06
1.070519982156186755e-06
1.060499978479639156e-06
1.044595438759120342e-06
1.031706408312927811e-06
1.022680332528220105e-06
1.013877908587097652e-06
9.921771018869763213e-07
9.776224110511292904e-07
9.741869290890414210e-07
9.533143528635237412e-07
9.317253195831590555e-07
9.203659524682807442e-07
9.001491232000848179e-07
8.933362174043234145e-07
8.866515766924708365e-07
8.650863129756527711e-07
8.463507968808178959e-07
8.259352893084295843e-07
8.196548902124747352e-07
8.086392081817191720e-07
7.971220641448993353e-07
7.911358592828004675e-07
7.727798820096855148e-07
7.491602910890406490e-07
7.442415610753200727e-07
7.300037289002159979e-07
7.291419227086613937e-07
7.191476349715117687e-07
7.050206861845774753e-07
6.939412248612782135e-07
6.856714422559844884e-07
6.668833172367089309e-07
6.536836553813036186e-07
6.412681856062512371e-07
6.366000412945209916e-07
6.256044939481199600e-07
6.179594649924323703e-07
6.120008703793739938e-07
6.054928129974364987e-07
5.998057186416494279e-07
5.896202593393739625e-07
5.816716921061574647e-07
5.728176936613737668e-07
5.666382357707157024e-07
5.437789349205336097e-07
5.421854905832037420e-07
5.369650527957361764e-07
5.285443074074089773e-07
5.231470420418740129e-07
5.178646545955948706e-07
5.145918523586197727e-07
5.075245272079595503e-07
4.962022953668548101e-07
4.916105092460387054e-07
4.839225959621629871e-07
4.783322389572445212e-07
4.689832655638800965e-07
4.521169328179967002e-07
4.472849680697845971e-07
4.413589606567599283e-07
4.354339703916942700e-07
4.308950529834362990e-07
4.289054725025712032e-07
4.236180019348777603e-07
4.168400420304602172e-07
4.147693461265427098e-07
4.048108439841173655e-07
4.022005923106953032e-07
3.973258119811606903e-07
3.875497349682534080e-07
3.825368233820676568e-07
3.810627520156557920e-07
3.806760491907193208e-07
3.717893886736185944e-07
3.629998528341093425e-07
3.583885665148065161e-07
3.575972135284698124e-07
3.571195961887106039e-07
3.440288122262424698e-07
3.435734727749432374e-07
3.385011570082899993e-07
3.319255933893834113e-07
3.292210959791784855e-07
3.244030189382236762e-07
3.231230197871186446e-07
3.152838783994308670e-07
3.111523072106247292e-07
3.062133646776432594e-07
2.993968103025157688e-07
2.934728986621776654e-07
2.907667094957726478e-07
2.880438891365049737e-07
2.855969757883036548e-07
2.845189420185225819e-07
2.794230162177431915e-07
2.752518818841940566e-07
2.677497860593887787e-07
2.667558285598320746e-07
2.631618452242032199e-07
2.602455453795144921e-07
2.550585084599166522e-07
2.530680450284589086e-07
2.506871811930646116e-07
2.480210070806663027e-07
2.430227643074695545e-07
2.377858378793896060e-07
2.338798109825750266e-07
2.331294797440275335e-07
2.278950407173459327e-07
2.245096380353070600e-07
2.229575282094320317e-07
2.209447406060541192e-07
2.189047124854248425e-07
2.175125014535193733e-07
2.122484599602419247e-07
2.103728521564880595e-07
2.053841381514387498e-07
2.049984061162807201e-07
2.031293692847112064e-07
2.012141422547054046e-07
1.979417350624557409e-07
1.970891143219002227e-07
1.919169939097696981e-07
1.896134124616328016e-07
1.849149979241668917e-07
1.827879508833915049e-07
1.820075980299262781e-07
1.778988510609981637e-07
1.763139547666385008e-07
1.737714389933064866e-07
1.719186805481562564e-07
1.711137081223343802e-07
1.678883985667522485e-07
1.655912621991972290e-07
1.647971820469482719e-07
1.620342502020931547e-07
1.609967569171286664e-07
1.576923511392719989e-07
1.561966635085781699e-07
1.533408716613169816e-07
1.513808452033943863e-07
1.488548195923878677e-07
1.480172396455234266e-07
1.466381077023108139e-07
1.446327757626145996e-07
1.425963097290810925e-07
1.392037622811951826e-07
1.380711381321045723e-07
1.377340979745957010e-07
1.372176376103574479e-07
1.353482696253666733e-07
1.343325079723500698e-07
1.333003964600502914e-07
1.292338188082129832e-07
1.263367929216714936e-07
1.251743244192455652e-07
1.237181525886134573e-07
1.224371241017747934e-07
1.216268200949397574e-07
1.183965337950979407e-07
1.164845936031500526e-07
1.154122415456846465e-07
1.148930095362908122e-07
1.137622126692879649e-07
1.133590271438140132e-07
1.103744478494957218e-07
1.093179781980504904e-07
1.084220786400461874e-07
1.067065676140207958e-07
1.056801073340843082e-07
1.042104422907299839e-07
1.039666725156897206e-07
1.032055457918457150e-07
1.019758003453650467e-07
1.004137606866213758e-07
9.882992497849143610e-08
9.805489105705397068e-08
9.659202955962696053e-08
9.561260563229345266e-08
9.424177722634813066e-08
9.311653810732842247e-08
9.265640032039701614e-08
9.124861751475215166e-08
8.978641097545173061e-08
8.895263900016899954e-08
8.821630359157248351e-08
8.640208436686490703e-08
8.582637108409099531e-08
8.362342119891040034e-08
8.233429128431056405e-08
8.136755152273018743e-08
8.123204618576589644e-08
8.079030125028640803e-08
7.979037805970247856e-08
7.902716388809164434e-08
7.837499060541337335e-08
7.751150498074736847e-08
7.542596826274929560e-08
7.495280745735956675e-08
7.439422200087249252e-08
7.417616256360647917e-08
7.187934312420812203e-08
7.137425844180346225e-08
7.065680864767846274e-08
7.036862303027896148e-08
6.939650254270896742e-08
6.843375090897478148e-08
6.741931147765445832e-08
6.722548985837414450e-08
6.571181473311098631e-08
6.536082870593205173e-08
6.425276197552722954e-08
6.346864699047508876e-08
6.297917507427222679e-08
6.213164988807112515e-08
6.143487210466863497e-08
6.076740414092467037e-08
5.960112494025599578e-08
5.945276339717326949e-08
5.856059157769353252e-08
5.745962014031067451e-08
5.706807536359310061e-08
5.619245864815537993e-08
5.577677867304261831e-08
5.530278772045030930e-08
5.452988546505370442e-08
5.340720911286084059e-08
5.336867199504519572e-08
5.279122701637047567e-08
5.187625405888781732e-08
5.124638851033625126e-08
4.995200246154070596e-08
4.946108305926243382e-08
4.929148750657887448e-08
4.882577927558422969e-08
4.840234603538246874e-08
4.784127786512838706e-08
4.768138426881922532e-08
4.677496756768978584e-08
4.610207494021684363e-08
4.581563565298416848e-08
4.573470777031854451e-08
4.531342948737462959e-08
4.439820133136934695e-08
4.394150682610114717e-08
4.314899086974315945e-08
4.291356324970903780e-08
4.244053974675616228e-08
4.238763749605610611e-08
4.192719400084585947e-08
4.108063586140346522e-08
4.096479816878577221e-08
4.047292742830678349e-08
4.012242671668219701e-08
3.980856989111430297e-08
3.904833581630726143e-08
3.860153150199875130e-08
3.773918779674944650e-08
3.763362922223460721e-08
3.736226997275917625e-08
3.688497782909064375e-08
3.680661603154840054e-08
3.623154801894891910e-08
3.591265593555210348e-08
3.528907823180378528e-08
3.494582829610923745e-08
3.398074782624381439e-08
3.371885052284032221e-08
3.327641089097551902e-08
3.295122284777973221e-08
3.237979707542481070e-08
3.209912643153361622e-08
3.188390401375462260e-08
3.168303358079364439e-08
3.131330755235369129e-08
3.084780721087400791e-08
3.043282296376467673e-08
2.997901781145147089e-08
2.985244987780989842e-08
2.936489712018450118e-08
2.917562298905692155e-08
2.875845830966515283e-08
2.846436015116963087e-08
2.826042544062882822e-08
2.802475098998200023e-08
2.780755572662847808e-08
2.763734351372083515e-08
2.718172146694646528e-08
2.713882408911217980e-08
2.699965097777221582e-08
2.639109890293697554e-08
2.588732912045241071e-08
2.559613884283533720e-08
2.517805906376194811e-08
2.473493453033924127e-08
2.465202278155069131e-08
2.435422267058721840e-08
2.414411426306256677e-08
2.370020453876305776e-08
2.355123115632405418e-08
2.342480629763854075e-08
2.337360770917087906e-08
2.311791013754682492e-08
2.266463151909560816e-08
2.251645545796552598e-08
2.212862329895306713e-08
2.206782903700201679e-08
2.176567251448774515e-08
2.156636437849422030e-08
2.125523904051105552e-08
2.089398381297117451e-08
2.072534911707942915e-08
2.047860596288463198e-08
2.041671044957153496e-08
2.024988004671754714e-08
1.990610687521198682e-08
1.975070455019972467e-08
1.965989031803200312e-08
1.945724828873463206e-08
1.910380986945175757e-08
1.897100073164723557e-08
1.878991995162066682e-08
1.845569273666528319e-08
1.830477482346303281e-08
1.803523582375923257e-08
1.781695050175937918e-08
1.771583988333754658e-08
1.750462615248476058e-08
1.736352086664034884e-08
1.719065803340647160e-08
1.714470324213987955e-08
1.680904084544155566e-08
1.651345408015199429e-08
1.647182182139304095e-08
1.637199284878109097e-08
1.628328480363240724e-08
1.608401897057075980e-08
1.586231588153431098e-08
1.566332642051832182e-08
1.542697246968351550e-08
1.526369718334767271e-08
1.511297785816369506e-08
1.484986769808100366e-08
1.476382965426350412e-08
1.464179003898939698e-08
1.449308887683991200e-08
1.435860867822788902e-08
1.423719759412349435e-08
1.409261711685946743e-08
1.394042491662402500e-08
1.382744344469845577e-08
1.365172946634829774e-08
1.346105433791599853e-08
1.321153262385392780e-08
1.307578473840197900e-08
1.296063011734609219e-08
1.287638233677129676e-08
1.264057837571193584e-08
1.256991273178137732e-08
1.232490071236780860e-08
1.222821059220777136e-08
1.213526524409895322e-08
1.207617612012763526e-08
1.188584934372406205e-08
1.172366878741824698e-08
1.161385276320597572e-08
1.144016011265722321e-08
1.135603023514004089e-08
1.127830217167456364e-08
1.117483993706448034e-08
1.109025120834410606e-08
1.097481129175145096e-08
1.078083978692923204e-08
1.058956008133449041e-08
1.053995813389571774e-08
1.045665082984948751e-08
1.036630357521802534e-08
1.019414532796202020e-08
1.014440115443669343e-08
1.001430210590470627e-08
9.957028414760662699e-09
9.778927990978938270e-09
9.653262070341693563e-09
9.602167155989881233e-09
9.496817411610343771e-09
9.382823414155136833e-09
9.266294377877573590e-09
9.224971978449067342e-09
9.048143251873518950e-09
8.931835499857939024e-09
8.843268808801400072e-09
8.714701109351761185e-09
8.567826688828376949e-09
8.454600236565146959e-09
8.369226138830228297e-09
8.296303608391420880e-09
8.264769509792851514e-09
8.151615968343889763e-09
8.052008752921535962e-09
7.999604062611876401e-09
7.917016051487937456e-09
7.805169493076057065e-09
7.672090114035653320e-09
7.624704474302384125e-09
7.578208974556040706e-09
7.528747702260447804e-09
7.390095225366396836e-09
7.346127687976314618e-09
7.308848389228104116e-09
7.173075352917083836e-09
7.012965774161400083e-09
6.977920074125836619e-09
6.842809518226123379e-09
6.819403364660122077e-09
6.740926344366675326e-09
6.645199213655370439e-09
6.590879294490459798e-09
6.543466143272769993e-09
6.365645066662530951e-09
6.314619244550420827e-09
6.267396162131694426e-09
6.241913761305802417e-09
6.137327847512041804e-09
6.075440719659714609e-09
6.022816068892577378e-09
5.953495013443318869e-09
5.893881916017061442e-09
5.799091887701778780e-09
5.737719645285697310e-09
5.722883774341434318e-09
5.669532428898828872e-09
5.650063335508234550e-09
5.567998835887040866e-09
5.458686920774075024e-09
5.380542216522457097e-09
5.325729719579348431e-09
5.268804284483749760e-09
5.254951615583028114e-09
5.169529312529534507e-09
5.059834530072355977e-09
5.032286773324228038e-09
4.939177478034517371e-09
4.923886523541749826e-09
4.868491347614986442e-09
4.782913076399909433e-09
4.691573118341527692e-09
4.633657026991424695e-09
4.566036668781303157e-09
4.550371014538295024e-09
4.511911834763859364e-09
4.442555901030554078e-09
4.429551998399640525e-09
4.396849532720246254e-09
4.362686193164496213e-09
4.280197925505078886e-09
4.218362652461430509e-09
4.164652007950669282e-09
4.154537686741312728e-09
4.136239010040873179e-09
4.100139976642060078e-09
4.056868728786721463e-09
3.990816337919168759e-09
3.939376653102164558e-09
3.869636544300555206e-09
3.827463920084883231e-09
3.801326301819699123e-09
3.712575836253829796e-09
3.711393226484842693e-09
3.635033695781430109e-09
3.601109739612251505e-09
3.579265543203164042e-09
3.507487567145110590e-09
3.482233953028583567e-09
3.451811130846283277e-09
3.433205084743016389e-09
3.374924406313054761e-09
3.342673675204665091e-09
3.262709440910979989e-09
3.249509760316406558e-09
3.218876396319886321e-09
3.143826096858433264e-09
3.131775825993769440e-09
3.067617117237025875e-09
3.050933399740971470e-09
3.036847096518020247e-09
3.009169585419815226e-09
2.972998211505164373e-09
2.910478754143761773e-09
2.897906393722880845e-09
2.853453097467546913e-09
2.808384509275485121e-09
2.803706346667891607e-09
2.766793380069712589e-09
2.730533681789239160e-09
2.691659267155708076e-09
2.666157312918185703e-09
2.644043357362313323e-09
2.621007404004982114e-09
2.615528321800861039e-09
2.588675002554250866e-09
2.569770347283918975e-09
2.490944036664590106e-09
2.471075856659401188e-09
2.440267885937823753e-09
2.427242482937189181e-09
2.411240304380470314e-09
2.378196331478163799e-09
2.335949581263157501e-09
2.326723845807388322e-09
2.304518699529341075e-09
2.266897449445177406e-09
2.250651442658833611e-09
2.235634874457132495e-09
2.215686881080190331e-09
2.207972533179344864e-09
2.191442253654365997e-09
2.122576485963082542e-09
2.112930116567597690e-09
2.082731580822231912e-09
2.067179546198918299e-09
2.024599158896532997e-09
2.008024596451316257e-09
1.983705095101323975e-09
1.957063254814715664e-09
1.942585647592164368e-09
1.916500524570889626e-09
1.911632078966492942e-09
1.875813970849882649e-09
1.858046836956930941e-09
1.811947949674508049e-09
1.801080000038196873e-09
1.782703189624533827e-09
1.778085613738524354e-09
1.766857560892105528e-09
1.743808001870785363e-09
1.721970852739940097e-09
1.692971227101508982e-09
1.678101281667681459e-09
1.672250020061771135e-09
1.652542389090929396e-09
1.629645434454966440e-09
1.584180855411251439e-09
1.574817985080639734e-09
1.545327133800483923e-09
1.535291745457929873e-09
1.516024799379873223e-09
1.495037384788141956e-09
1.477797131027367461e-09
1.474469001766129940e-09
1.470248972105281290e-09
1.452803824441972758e-09
1.424383719318102520e-09
1.421174088534267166e-09
1.394700627912915022e-09
1.391759545137466767e-09
1.379565625439808493e-09
1.341410678897954045e-09
1.332066948690047202e-09
1.307195940567938386e-09
1.291014474827690473e-09
1.281223485587914858e-09
1.259331156163672215e-09
1.254504461924066954e-09
1.242116828934488791e-09
1.229754422607741951e-09
1.213632263644867157e-09
1.198855381972949662e-09
1.191134013341821749e-09
1.178346331251589157e-09
1.162011748228994874e-09
1.143617566090791324e-09
1.126995885014553113e-09
1.119174362830888084e-09
1.116667225486255410e-09
1.084663507452878433e-09
1.074137813644191896e-09
1.062689685022378462e-09
1.051299437362877345e-09
1.039383394757254450e-09
1.019561742583147782e-09
1.013567566694051683e-09
1.003935646624995369e-09
9.908185227749871798e-10
9.867194485295447145e-10
9.593681029456997433e-10
9.585691585127959611e-10
9.479963851697961496e-10
9.471838414601853062e-10
9.259020922147602517e-10
9.244296207576338976e-10
9.179252757849095084e-10
8.941696556007378915e-10
8.839085419687652459e-10
8.709759467457816969e-10
8.596139029155058035e-10
8.587852522615866798e-10
8.464437518251989210e-10
8.380946761925047122e-10
8.295877014696819009e-10
8.211713582538037644e-10
8.157902885313314979e-10
8.043671240344977266e-10
7.880627357756178430e-10
7.838590099688313743e-10
7.816904631008518570e-10
7.709263495054163237e-10
7.621417755422733092e-10
7.593371930777934545e-10
7.449182138285465661e-10
7.327501674667359134e-10
7.206042865405850490e-10
7.181640519196887931e-10
7.039278532957010818e-10
6.947327556070992928e-10
6.879643426658805554e-10
6.822871401402021576e-10
6.809172978306912669e-10
6.743057129723993314e-10
6.592972913295702182e-10
6.555175473460469131e-10
6.437512784832795502e-10
6.432693554255288115e-10
6.343787011184206022e-10
6.278438148629216051e-10
6.159301328846901488e-10
6.083979307547748775e-10
6.032251639758544112e-10
5.975456574662847495e-10
5.917469273890728687e-10
5.845692959348150509e-10
5.760978976401873626e-10
5.674201639872831915e-10
5.588445676019034131e-10
5.500817975435266792e-10
5.438816152920194119e-10
5.414535242848578100e-10
5.370826669172991446e-10
5.337047934254987057e-10
5.244083570277156719e-10
5.157660182284706278e-10
5.137531521585605652e-10
5.020192391735936441e-10
4.922032912979238160e-10
4.873363182468003489e-10
4.821875451765212627e-10
4.760358779484722348e-10
4.723174665724071241e-10
4.703365361628211639e-10
4.661195161969778573e-10
4.596637202543732065e-10
4.540057456438562284e-10
4.537778349436491283e-10
4.466140468453618799e-10
4.418426146849850271e-10
4.335614546515925792e-10
4.290924592874466257e-10
4.274755988162541886e-10
4.212212762955589292e-10
4.200188423404732831e-10
4.150775719256244142e-10
4.085304570346283483e-10
3.969740233392394638e-10
3.928786221992438576e-10
3.893620111493775913e-10
3.849487616019823983e-10
3.839833166620595713e-10
3.734348132374077403e-10
3.715720117927234674e-10
3.699762276469783061e-10
3.671345854728790003e-10
3.623445366333625732e-10
3.572174082906979809e-10
3.532676152280836656e-10
3.478672922824607990e-10
3.425350463230127726e-10
3.404977508749134515e-10
3.319845943763148881e-10
3.264267516545789048e-10
3.219575898054108374e-10
3.183456011674389125e-10
3.170219800860095552e-10
3.132779448785262773e-10
3.112717782105718340e-10
3.040627551681318027e-10
3.007962202346007261e-10
2.998056452745864911e-10
2.937560774787024025e-10
2.934167206907529643e-10
2.892788260982914319e-10
2.829642848548614256e-10
2.784971913541259028e-10
2.776618255484379756e-10
2.736414639135017910e-10
2.697595332701223587e-10
2.686165543370171242e-10
2.643078629640012584e-10
2.625538057498295899e-10
2.619818621512642036e-10
2.597511929457202193e-10
2.539008376713705543e-10
2.479807894517362728e-10
2.451719338833632782e-10
2.423269293580030545e-10
2.372194283452420674e-10
2.358444678214135709e-10
2.333352301689870456e-10
2.317782867122857740e-10
2.287465454191929566e-10
2.251906237479677850e-10
2.215745205088496555e-10
2.201188330470216279e-10
2.167901107606064615e-10
2.143846632629420768e-10
2.118540220915886742e-10
2.103371342515002141e-10
2.068657185371076057e-10
2.049415351751144002e-10
2.030962800048136999e-10
2.011841515785263680e-10
1.980915621740378393e-10
1.948810530479076229e-10
1.934667405442350673e-10
1.902807229751396537e-10
1.872242806737973804e-10
1.854576504684045402e-10
1.815582864626532807e-10
1.808259439317263947e-10
1.799749531949630416e-10
1.769737634451522791e-10
1.743669031927837381e-10
1.709936436876987408e-10
1.707850312727794992e-10
1.688781717716293858e-10
1.673450537786973885e-10
1.665825869654645458e-10
1.649816410193931129e-10
1.625915855008435999e-10
1.612042055836755592e-10
1.572108195415609440e-10
1.566193453849014348e-10
1.550379657881201068e-10
1.510181422023439514e-10
1.495602604010754965e-10
1.471222587249106670e-10
1.461487345254801715e-10
1.443435522174877788e-10
1.429255050322122234e-10
1.415761387995540700e-10
1.399549838252091629e-10
1.369249872678901385e-10
1.353872965386097639e-10
1.326999525868462479e-10
1.315410579701018885e-10
1.301810295746867575e-10
1.275920616687608327e-10
1.267417931882818310e-10
1.260984041900834090e-10
1.249044365439074207e-10
1.241198603914738783e-10
1.239022089488165020e-10
1.223471551784146011e-10
1.198370101698626141e-10
1.182093814746697325e-10
1.165664828878021620e-10
1.150639229992685761e-10
1.144783827629056787e-10
1.133053603558005131e-10
1.122772420690578034e-10
1.103814502086482004e-10
1.083714336376955092e-10
1.076563926922108487e-10
1.064051969205793106e-10
1.053102063394552508e-10
1.037748493305028912e-10
1.026987505317295278e-10
1.011338151518542071e-10
1.008495106166028345e-10
9.932804542284585974e-11
9.806550806012497537e-11
9.658969898317217378e-11
9.518850998740374763e-11
9.396364369983443239e-11
9.258784179256718932e-11
9.092729491505795910e-11
9.083695028355930101e-11
8.987638722269136002e-11
8.877695575214206636e-11
8.620710574400768733e-11
8.552693222312964430e-11
8.509040040953647363e-11
8.432477847001155081e-11
8.322092082094819355e-11
8.282475744562408160e-11
8.160606324411896273e-11
8.127976212624746613e-11
8.077725907757065090e-11
8.014316743405401144e-11
7.780540674771051301e-11
7.735137760412846183e-11
7.558351846012363667e-11
7.540666019869691167e-11
7.500903890653836414e-11
7.437362934443914954e-11
7.361956754702860336e-11
7.279768273135466240e-11
7.161485263011735068e-11
7.010172083804332274e-11
6.897548445004929458e-11
6.816615670013911188e-11
6.801064599182346598e-11
6.694151598604049979e-11
6.588694710125005410e-11
6.519561090920811120e-11
6.444361502301995697e-11
6.320375689327903424e-11
6.278202556861280766e-11
6.222289131466421062e-11
6.206636284969492315e-11
6.052260489946097816e-11
6.014735216703078791e-11
5.930446116351787905e-11
5.758350134070434776e-11
5.670336564922661648e-11
5.644807835356214364e-11
5.582873561768263001e-11
5.578242952534656885e-11
5.558790124320021405e-11
5.493910891013740771e-11
5.407996803997424939e-11
5.330997253619581601e-11
5.307202787564689318e-11
5.227770629198127568e-11
5.186582111677142201e-11
5.093898016431772899e-11
5.051800975296256694e-11
4.974492996387647028e-11
4.897143128815519592e-11
4.840394243197675070e-11
4.783639465421892905e-11
4.737340233893724914e-11
4.699178611803508777e-11
4.633276014137754226e-11
4.612666425462209634e-11
4.514724378101272735e-11
4.492298387904666723e-11
4.418449499246113379e-11
4.344241160692461667e-11
4.337180576038985855e-11
4.293173584842933206e-11
4.192098150471909470e-11
4.168159071695868477e-11
4.099638830095679572e-11
4.041795852130471716e-11
3.995277757072300442e-11
3.919793664705469476e-11
3.901446645419876337e-11
3.873864349784138396e-11
3.842503332194587934e-11
3.759204587894672628e-11
3.744312943481501646e-11
3.697779807907245645e-11
3.650219375429210260e-11
3.578692281404660677e-11
3.552623701773613990e-11
3.472061577571061430e-11
3.431917845905994112e-11
3.421579463394918041e-11
3.365053296272822924e-11
3.352641251384567842e-11
3.315551212489052617e-11
3.281568935534408832e-11
3.237945914377095048e-11
3.206087122649671706e-11
3.178617787167844873e-11
3.141018006433059734e-11
3.092903540779985013e-11
3.067573937179407206e-11
3.038760896065978184e-11
2.976085548234104001e-11
2.949128574530301687e-11
2.861741686941113770e-11
2.823133332553959210e-11
2.816145174161231016e-11
2.772332751887000334e-11
2.739412404979619643e-11
2.724812218865702541e-11
2.670462471100798030e-11
2.644225017596579036e-11
2.609076166193548835e-11
2.549929109670444814e-11
2.542530674175952958e-11
2.516113439344856068e-11
2.486976603632003483e-11
2.461067490080500000e-11
2.451559341465642442e-11
2.418313737634611365e-11
2.355439782924891686e-11
2.336151438752785393e-11
2.317373174103488066e-11
2.294116456160775017e-11
2.268514334381832492e-11
2.249987355999972136e-11
2.220371494388055876e-11
2.190035747169486774e-11
2.180130156184234265e-11
2.145400602073346613e-11
2.117105372781648826e-11
2.111483353099972155e-11
2.060157611610325865e-11
2.050952705072743312e-11
2.026206955955236619e-11
2.011395349335498019e-11
1.968072601594670370e-11
1.947259504793282922e-11
1.930680742346759655e-11
1.902510636827887422e-11
1.885497732649917900e-11
1.841989466032088926e-11
1.824444672269882918e-11
1.815778238575022540e-11
1.801693616723548741e-11
1.775926155193251735e-11
1.757288486619482972e-11
1.732525758533218363e-11
1.705511197127828213e-11
1.703579634359939767e-11
1.685745921056817329e-11
1.647143973723540256e-11
1.624964777011762769e-11
1.594030540749883869e-11
1.576801673850679536e-11
1.571411022125907578e-11
1.535146108237053622e-11
1.519197587181023535e-11
1.513842751257218153e-11
1.491846519412411727e-11
1.469355828959719777e-11
1.463238028012386737e-11
1.435530070243922884e-11
1.419534191666104389e-11
1.401587950715549031e-11
1.390874027250186055e-11
1.384371736855475286e-11
1.366460138735793834e-11
1.358467082378034378e-11
1.318973803622836125e-11
1.306812993898848722e-11
1.293408824320396373e-11
1.271291884342937528e-11
1.257292467154618892e-11
1.239404542090072580e-11
1.238462157293201120e-11
1.214527144553948392e-11
1.213764670540734732e-11
1.183320784652415939e-11
1.167026359150824184e-11
1.158130288259984343e-11
1.155111619259606425e-11
1.149754325499621710e-11
1.122700620649588496e-11
1.098541762882779535e-11
1.090899838720001126e-11
1.070076121705360709e-11
1.063683922135297047e-11
1.044119168758119459e-11
1.026285359849082967e-11
1.022733224193643123e-11
1.008464556601061279e-11
1.005403959778359783e-11
9.941977628497250416e-12
9.810191679217258762e-12
9.633554890283839876e-12
9.597562981033467355e-12
9.405281702550937624e-12
9.250653357436178702e-12
9.221213720944997638e-12
9.158342886334850657e-12
8.997797941485896111e-12
8.934579871786634361e-12
8.811922444390908945e-12
8.683049529291789017e-12
8.592090374811861859e-12
8.548712379221231499e-12
8.471008779306118869e-12
8.298728372316660012e-12
8.221186531736721319e-12
8.128474937527297788e-12
8.055267123130423003e-12
7.892197722859323758e-12
7.824821317448881982e-12
7.719330698971992199e-12
7.649654420916958094e-12
7.589180902369292757e-12
7.437964482126900212e-12
7.374792046562434369e-12
7.317527403804472971e-12
7.286420887872255987e-12
7.197862431875704959e-12
7.139233529591279802e-12
7.100244627749662951e-12
6.960317807238850920e-12
6.870355994904743458e-12
6.745232277154047813e-12
6.713758875235575644e-12
6.628149770199659724e-12
6.545357602601245251e-12
6.448830402264220656e-12
6.400068370466102784e-12
6.377283637075959414e-12
6.280126047783451572e-12
6.171642486964175953e-12
6.119777572511864764e-12
6.115943813116017385e-12
5.972569310376071073e-12
5.967345997703084357e-12
5.874556081690297094e-12
5.754620170336560149e-12
5.673035517637065913e-12
5.635351834611598457e-12
5.594279094639417422e-12
5.524077175421612918e-12
5.423491232179922715e-12
5.355105153629438929e-12
5.269737203644021525e-12
5.247595523257738129e-12
5.209104027698546279e-12
5.181721742095242809e-12
5.036604887398094984e-12
5.023943148418006474e-12
4.976247640480669581e-12
4.914298039060890472e-12
4.818491434960523633e-12
4.786242523047014713e-12
4.693988194612834038e-12
4.616997473454372205e-12
4.601416237971154731e-12
4.497716440608131462e-12
4.394603211889995205e-12
4.320611575967021195e-12
4.299573328622425776e-12
4.249960682759179301e-12
4.203478411651899220e-12
4.173793059117551322e-12
4.071849054791576700e-12
4.025100918269530657e-12
3.954709172088494029e-12
3.911632583216968894e-12
3.878422705515857915e-12
3.801007448116876402e-12
3.764816023906735250e-12
3.730861187768511790e-12
3.688068108741038232e-12
3.649188357839579194e-12
3.621806588379097447e-12
3.588527869234511390e-12
3.571541931262398067e-12
3.551510111049588217e-12
3.498685823692132861e-12
3.433958127190880515e-12
3.408289206806715934e-12
3.386658399190142032e-12
3.327196059150207253e-12
3.288301276383591207e-12
3.272485295099209766e-12
3.236743311130568259e-12
3.165904016478157099e-12
3.137713394772751581e-12
3.100738142548087902e-12
3.093335883758947113e-12
3.032373289350301866e-12
2.991488370313470592e-12
2.962829248917104841e-12
2.897460402538565888e-12
2.859118688216612342e-12
2.833784499024280126e-12
2.795370012902787723e-12
2.758597940297215850e-12
2.734095490927358702e-12
2.699317719332658217e-12
2.679630116129080078e-12
2.660124365872313447e-12
2.622582609856741336e-12
2.600944972844488560e-12
2.579558451300508748e-12
2.517778204183476825e-12
2.499762179823508142e-12
2.490718135739505453e-12
2.456676704085860759e-12
2.425729937230608084e-12
2.419840411757518716e-12
2.373199691457227453e-12
2.363073209874141988e-12
2.312906826065400825e-12
2.298901001723273287e-12
2.268734739803429895e-12
2.249688618552331389e-12
2.228141832729671305e-12
2.216164134250064005e-12
2.208624481553611934e-12
2.156469765254340049e-12
2.141227786146834795e-12
2.132504335232710190e-12
2.075504304802948143e-12
2.057840540296594204e-12
2.050713295653821143e-12
1.994966186696760118e-12
1.962188990434518506e-12
1.943513169160726352e-12
1.918156070606547038e-12
1.911120364521968535e-12
1.898454742680276911e-12
1.889052617541314248e-12
1.840295591777797679e-12
1.813025014432961299e-12
1.798275099871266671e-12
1.778030675397142452e-12
1.762951450542789319e-12
1.733179371853862499e-12
1.709597057782725106e-12
1.699201280639043917e-12
1.635493637824777656e-12
1.628475168867427923e-12
1.612043842539356815e-12
1.576341092163117559e-12
1.565061533275773068e-12
1.560457043205226550e-12
1.531449544044191189e-12
1.499907991731355451e-12
1.494336729767212314e-12
1.469818033824815909e-12
1.459321082232047265e-12
1.440598241672690520e-12
1.415589093495375098e-12
1.406982897937627077e-12
1.396026276544506480e-12
1.392269151956535188e-12
1.347606429070628603e-12
1.336785443495110431e-12
1.327746788591895610e-12
1.297252426266269263e-12
1.288309905013847375e-12
1.280006065618712101e-12
1.266961870627796677e-12
1.251326688446899241e-12
1.238467311220659499e-12
1.225959366660466646e-12
1.203067923768103154e-12
1.196048283247880241e-12
1.180323524528187547e-12
1.165562175424257197e-12
1.151512715868560928e-12
1.137996428050859147e-12
1.131312230102393154e-12
1.109537592666756461e-12
1.096287158653514574e-12
1.093909206136494782e-12
1.075761071129020983e-12
1.042919954119328284e-12
1.032888492356994116e-12
1.024950921313402138e-12
1.014791210215889831e-12
1.009370285900934803e-12
9.946098451108339335e-13
9.780591074927100916e-13
9.747217299185147729e-13
9.653370002289772546e-13
9.630288043963473218e-13
9.417591034414155726e-13
9.346727397276237033e-13
9.211883283291465796e-13
9.099917981576305494e-13
9.012079418928026972e-13
8.967199142561478491e-13
8.792042441467017217e-13
8.659986190192796576e-13
8.585052825936457989e-13
8.484867553010268347e-13
8.378401754662106784e-13
8.344134568841746489e-13
8.277499623763710927e-13
8.029073259031654413e-13
7.913358097166378541e-13
7.821103056375666237e-13
7.763242291317913768e-13
7.702552305320762596e-13
7.515187234025564990e-13
7.395841536254976247e-13
7.300535374768167554e-13
7.287367486013150564e-13
7.091068350053635122e-13
7.009362107696770736e-13
6.987087905912149096e-13
6.831636438255670407e-13
6.744092117227863681e-13
6.699689007159838829e-13
6.669013203721902098e-13
6.539698510118482840e-13
6.427559271167016207e-13
6.327143473430447027e-13
6.315337442730900325e-13
6.144545138548541420e-13
6.102954579787924724e-13
6.081832778365300648e-13
5.925342213249987191e-13
5.871477462968518338e-13
5.824754210220113328e-13
5.762130263918644190e-13
5.646648295984483831e-13
5.580129984616972810e-13
5.507375009534449112e-13
5.451731338411049779e-13
5.397116199026663436e-13
5.356815405107470675e-13
5.331763630096911608e-13
5.261073533534064115e-13
5.176102681941574550e-13
5.117693226068321553e-13
5.064070050840165771e-13
5.023358393631784658e-13
4.954325184084106368e-13
4.899989316929817957e-13
4.834723605731197291e-13
4.799356161061616991e-13
4.733802875377757722e-13
4.630587048609288939e-13
4.585614585963487484e-13
4.487370375254512233e-13
4.438237940343032387e-13
4.421325849536656305e-13
4.298360806976282586e-13
4.275360579424349686e-13
4.200690609839263797e-13
4.180433374088559066e-13
4.148809639278320745e-13
4.043406797008906529e-13
4.011197343864375082e-13
3.988896720557743474e-13
3.936810164832472680e-13
3.867616888760785371e-13
3.850150346479202969e-13
3.782021706946083542e-13
3.755441605606173097e-13
3.711521967944370762e-13
3.673008896413639798e-13
3.604869645036951127e-13
3.546939675716575341e-13
3.541220954188213425e-13
3.512615687320798636e-13
3.457480272566181680e-13
3.439195727959603646e-13
3.371305374235369424e-13
3.339797315649850185e-13
3.304194077764501735e-13
3.220755190680154682e-13
3.199961934347577765e-13
3.182123514948488625e-13
3.095338215748572621e-13
3.064267987595106058e-13
3.055557629371945291e-13
3.022835000850567260e-13
2.996993404748374346e-13
2.891585774036897099e-13
2.883277572868915587e-13
2.824889560098051014e-13
2.771146947940239109e-13
2.702347485361941130e-13
2.668281555193273239e-13
2.659857407071454623e-13
2.615037160260597324e-13
2.596965334355562389e-13
2.521136717765475057e-13
2.475432604251427308e-13
2.441126016944774081e-13
2.386425969049965716e-13
2.364793248422596583e-13
2.340436209641297535e-13
2.309424915000765080e-13
2.256796142500201970e-13
2.249399882850264774e-13
2.208059187849574049e-13
2.181449245847002340e-13
2.127391204067468985e-13
2.072694322374596387e-13
2.059118402365557070e-13
2.004144349578213283e-13
1.954516141683270541e-13
1.941535290178966162e-13
1.899948097498968235e-13
1.866786372882328919e-13
1.853714601442073191e-13
1.815484676332624699e-13
1.784198210356262830e-13
1.758557922659284647e-13
1.726950335643083953e-13
1.710834007419722831e-13
1.676631592478928449e-13
1.665079455241256220e-13
1.654117715943027537e-13
1.617006637253347778e-13
1.610197348691690047e-13
1.592051348831280318e-13
1.542342635359189909e-13
1.493362717466186219e-13
1.458139045344920279e-13
1.426994142298799291e-13
1.409209688314766069e-13
1.402344360811758150e-13
1.386943659596814042e-13
1.375722318186126208e-13
1.337071831690407259e-13
1.314606734079787926e-13
1.289623345950303179e-13
1.237944103815403612e-13
1.230402592986394731e-13
1.212353238023231501e-13
1.184317527191262766e-13
1.170390755549373130e-13
1.166092549764814276e-13
1.133128522555246592e-13
1.098168716720775024e-13
1.089984675967716033e-13
1.071772321419455081e-13
1.047505786411898595e-13
1.036539301577350648e-13
9.993945093423500681e-14
9.730587597167082015e-14
9.552082962654491247e-14
9.143111594456540243e-14
9.049728414354658532e-14
8.740313957610174425e-14
8.659499052243617061e-14
8.328542894773884886e-14
8.248774850151279109e-14
8.174769944178309345e-14
7.997905633916852155e-14
7.933289007657165940e-14
7.731948168794111325e-14
7.587207485427267243e-14
7.515611545382426100e-14
7.408332591569166367e-14
7.125730645335747531e-14
6.881213044038122859e-14
6.744401246845401517e-14
6.524764273122628077e-14
6.453156625378768507e-14
6.373904966806045360e-14
6.250231300608358684e-14
6.162298371649283115e-14
5.955983826647730673e-14
5.852699916524584456e-14
5.607627666173362987e-14
5.448352123784976914e-14
5.087457635258242759e-14
5.020926339921307170e-14
4.856547726252319227e-14
4.694126520045986736e-14
4.451093537515984914e-14
4.274055548956889903e-14
4.251427292463733535e-14
3.966449762267866828e-14
3.685781726746981733e-14
3.539346175905215160e-14
3.157369682919611608e-14
3.100409163119040114e-14
2.798536912348157446e-14
2.329431879549583739e-14
2.243855447263164956e-14
2.155753651992032216e-14
1.955316818440646037e-14
1.828753177452348429e-14
1.740725187809948051e-14
1.494261864431242733e-14
1.455547217671469196e-14
1.226348039063318647e-14
